set     FIRMS :=           GPU     PECO    PPL   PEPCO   PSEG  BGE   DPL   ACE   HOMER  FRINGE ;
set     THERMLINE:=         1, 2,    3, 4, 5;
set     TFIRMS :=          GPU     PECO    PPL   PEPCO   PSEG  BGE   DPL   ACE   HOMER  FRINGE ;

param ST := 			1;
param T := 			744;
param   Tdata :=                744;
param BT :=		199908000;

param firmtype :=   GPU   2   PECO  2  PPL 2  PEPCO 2   PSEG 2 BGE 2  DPL 2  ACE 2 HOMER 2 FRINGE 1;

param contractpct :=   GPU .147  PECO  .088  PPL .099  PEPCO .104   PSEG .17 BGE .112  DPL .06  ACE .043 HOMER 0 FRINGE 0;
 

param maxtherm :    GPU    PECO    PPL   PEPCO   PSEG     BGE   DPL   ACE HOMER  FRINGE      :=
1	4367	1643	2903	1698	2253	1826	869	490	564	1607
2	969	630	1901	1341	965	758	1052	149	570	416
3	526	414	118	1531	1250	616	330	188	599	1992
4	401	301	184	587	722	206	107	112	16	1013
5	499	15	0	352	730	265	59	82	0	126
;

param k :    	           GPU    PECO    PPL   PEPCO   PSEG     BGE   DPL   ACE HOMER  FRINGE     :=

1	14.8144	17.4436	16.6209	15.3930	21.3619	14.6024	18.6677	23.8659	15.4652	17.7290
2	20.7133	41.3436	19.6731	17.2177	38.9761	16.3757	21.1330	39.0918	15.4652	27.8592
3	47.3347	54.7507	45.9127	37.8206	43.9806	40.4152	38.4387	50.6457	15.8743	34.0871
4	59.4448	61.8312	65.6366	41.4905	58.7046	50.3398	49.5550	65.2589	15.9633	37.3993
5	64.6109	66.6995	67.9782	59.8568	74.7214	59.5307	67.1695	68.9940	37.2686	47.3875
;

param mc :    	  GPU    PECO    PPL   PEPCO   PSEG     BGE   DPL   ACE HOMER  FRINGE   :=
1	0.00135	0.01455	0.00105	0.00107	0.00782	0.00097	0.00284	0.03107	0.00000	0.00630
2	0.02748	0.02129	0.01380	0.01536	0.00518	0.03171	0.01644	0.07729	0.00072	0.01496
3	0.02303	0.01709	0.16710	0.00240	0.01178	0.01612	0.03372	0.07760	0.00015	0.00166
4	0.01290	0.01615	0.01273	0.03127	0.02218	0.04460	0.16411	0.03333	1.31921	0.00986
5	0.04475	0.23390	0.00000	0.02935	0.08611	0.05777	0.52828	0.08660	0.00000	0.11062
;									

param qmr :	GPU    PECO    PPL   PEPCO   PSEG     BGE   DPL   ACE HOMER  FRINGE     :=

1	1441	4481	2189	0	2946	1580	0	0	0	10
2	1441	4480	2189	0	2946	1580	0	0	0	9
3	1440	4479	2189	0	2946	1580	0	0	0	9
4	1440	4478	2189	0	2946	1580	0	0	0	9
5	1440	4478	2189	0	2946	1580	0	0	0	9
6	1445	4497	2191	0	2946	1580	0	0	0	11
7	1450	4512	2192	0	2946	1580	0	0	0	12
8	1459	4544	2195	0	2946	1580	0	0	0	14
9	1468	4579	2198	0	2946	1580	0	0	0	16
10	1477	4608	2201	0	2946	1580	0	0	0	18
11	1477	4609	2201	0	2946	1580	0	0	0	18
12	1483	4630	2203	0	2946	1580	0	0	0	19
13	1488	4646	2205	0	2946	1580	0	0	0	20
14	1491	4660	2206	0	2946	1580	0	0	0	21
15	1495	4674	2207	0	2946	1580	0	0	0	22
16	1495	4674	2207	0	2946	1580	0	0	0	22
17	1495	4674	2207	0	2946	1580	0	0	0	22
18	1495	4674	2207	0	2946	1580	0	0	0	22
19	1491	4661	2206	0	2946	1580	0	0	0	21
20	1490	4654	2205	0	2946	1580	0	0	0	21
21	1488	4647	2205	0	2946	1580	0	0	0	20
22	1471	4589	2199	0	2946	1580	0	0	0	17
23	1457	4539	2195	0	2946	1580	0	0	0	13
24	1446	4498	2191	0	2946	1580	0	0	0	11
25	1436	4463	2188	0	2946	1580	0	0	0	8
26	1434	4458	2187	0	2946	1580	0	0	0	8
27	1434	4458	2187	0	2946	1580	0	0	0	8
28	1434	4458	2187	0	2946	1580	0	0	0	8
29	1435	4460	2188	0	2946	1580	0	0	0	8
30	1436	4465	2188	0	2946	1580	0	0	0	8
31	1442	4486	2190	0	2946	1580	0	0	0	10
32	1450	4513	2192	0	2946	1580	0	0	0	12
33	1458	4544	2195	0	2946	1580	0	0	0	14
34	1481	4622	2202	0	2946	1580	0	0	0	19
35	1481	4624	2203	0	2946	1580	0	0	0	19
36	1487	4646	2204	0	2946	1580	0	0	0	20
37	1496	4675	2207	0	2946	1580	0	0	0	22
38	1499	4689	2208	0	2946	1580	0	0	0	23
39	1503	4702	2210	0	2946	1580	0	0	0	24
40	1503	4702	2210	0	2946	1580	0	0	0	24
41	1503	4703	2210	0	2946	1580	0	0	0	24
42	1504	4704	2210	0	2946	1580	0	0	0	24
43	1500	4691	2209	0	2946	1580	0	0	0	23
44	1496	4677	2207	0	2946	1580	0	0	0	22
45	1491	4658	2206	0	2946	1580	0	0	0	21
46	1478	4613	2202	0	2946	1580	0	0	0	18
47	1450	4515	2193	0	2946	1580	0	0	0	12
48	1443	4489	2190	0	2946	1580	0	0	0	10
49	1436	4464	2188	0	2946	1580	0	0	0	8
50	1430	4444	2186	0	2946	1580	0	0	0	7
51	1427	4432	2185	0	2946	1580	0	0	0	6
52	1427	4432	2185	0	2946	1580	0	0	0	6
53	1427	4432	2185	0	2946	1580	0	0	0	6
54	1428	4434	2185	0	2946	1580	0	0	0	6
55	1431	4446	2186	0	2946	1580	0	0	0	7
56	1446	4501	2191	0	2946	1580	0	0	0	11
57	1458	4542	2195	0	2946	1580	0	0	0	13
58	1463	4558	2197	0	2946	1580	0	0	0	15
59	1463	4561	2197	0	2946	1580	0	0	0	15
60	1467	4575	2198	0	2946	1580	0	0	0	16
61	1476	4605	2201	0	2946	1580	0	0	0	18
62	1482	4625	2203	0	2946	1580	0	0	0	19
63	1482	4625	2203	0	2946	1580	0	0	0	19
64	1482	4625	2203	0	2946	1580	0	0	0	19
65	1482	4625	2203	0	2946	1580	0	0	0	19
66	1482	4625	2203	0	2946	1580	0	0	0	19
67	1476	4605	2201	0	2946	1580	0	0	0	18
68	1470	4584	2199	0	2946	1580	0	0	0	16
69	1470	4583	2199	0	2946	1580	0	0	0	16
70	1466	4570	2198	0	2946	1580	0	0	0	15
71	1447	4504	2192	0	2946	1580	0	0	0	11
72	1435	4460	2188	0	2946	1580	0	0	0	8
73	1432	4451	2187	0	2946	1580	0	0	0	8
74	1430	4442	2186	0	2946	1580	0	0	0	7
75	1428	4435	2185	0	2946	1580	0	0	0	6
76	1428	4435	2185	0	2946	1580	0	0	0	6
77	1428	4435	2185	0	2946	1580	0	0	0	7
78	1429	4438	2186	0	2946	1580	0	0	0	7
79	1429	4439	2186	0	2946	1580	0	0	0	7
80	1433	4454	2187	0	2946	1580	0	0	0	8
81	1441	4482	2190	0	2946	1580	0	0	0	10
82	1450	4512	2192	0	2946	1580	0	0	0	12
83	1453	4526	2194	0	2946	1580	0	0	0	12
84	1457	4539	2195	0	2946	1580	0	0	0	13
85	1470	4585	2199	0	2946	1580	0	0	0	16
86	1474	4597	2200	0	2946	1580	0	0	0	17
87	1474	4597	2200	0	2946	1580	0	0	0	17
88	1474	4597	2200	0	2946	1580	0	0	0	17
89	1474	4597	2200	0	2946	1580	0	0	0	17
90	1474	4598	2200	0	2946	1580	0	0	0	17
91	1474	4598	2200	0	2946	1580	0	0	0	17
92	1466	4570	2198	0	2946	1580	0	0	0	15
93	1460	4550	2196	0	2946	1580	0	0	0	14
94	1449	4511	2192	0	2946	1580	0	0	0	11
95	1436	4462	2188	0	2946	1580	0	0	0	8
96	1437	4468	2188	0	2946	1580	0	0	0	9
97	1436	4464	2188	0	2946	1580	0	0	0	8
98	1432	4451	2187	0	2946	1580	0	0	0	8
99	1428	4436	2185	0	2946	1580	0	0	0	7
100	1426	4427	2185	0	2946	1580	0	0	0	6
101	1429	4441	2186	0	2946	1580	0	0	0	7
102	1430	4442	2186	0	2946	1580	0	0	0	7
103	1432	4448	2187	0	2946	1580	0	0	0	7
104	1440	4477	2189	0	2946	1580	0	0	0	9
105	1451	4518	2193	0	2946	1580	0	0	0	12
106	1457	4538	2195	0	2946	1580	0	0	0	13
107	1457	4537	2195	0	2946	1580	0	0	0	13
108	1463	4560	2197	0	2946	1580	0	0	0	15
109	1471	4589	2199	0	2946	1580	0	0	0	17
110	1475	4601	2200	0	2946	1580	0	0	0	17
111	1478	4614	2202	0	2946	1580	0	0	0	18
112	1478	4614	2202	0	2946	1580	0	0	0	18
113	1479	4615	2202	0	2946	1580	0	0	0	18
114	1479	4615	2202	0	2946	1580	0	0	0	18
115	1475	4600	2200	0	2946	1580	0	0	0	17
116	1471	4587	2199	0	2946	1580	0	0	0	16
117	1463	4559	2197	0	2946	1580	0	0	0	15
118	1461	4552	2196	0	2946	1580	0	0	0	14
119	1443	4487	2190	0	2946	1580	0	0	0	10
120	1439	4475	2189	0	2946	1580	0	0	0	9
121	1441	4482	2190	0	2946	1580	0	0	0	10
122	1433	4452	2187	0	2946	1580	0	0	0	8
123	1431	4445	2186	0	2946	1580	0	0	0	7
124	1431	4445	2186	0	2946	1580	0	0	0	7
125	1434	4458	2187	0	2946	1580	0	0	0	8
126	1435	4459	2188	0	2946	1580	0	0	0	8
127	1437	4469	2188	0	2946	1580	0	0	0	9
128	1442	4484	2190	0	2946	1580	0	0	0	10
129	1451	4516	2193	0	2946	1580	0	0	0	12
130	1455	4532	2194	0	2946	1580	0	0	0	13
131	1467	4574	2198	0	2946	1580	0	0	0	16
132	1478	4612	2201	0	2946	1580	0	0	0	18
133	1480	4619	2202	0	2946	1580	0	0	0	19
134	1483	4632	2203	0	2946	1580	0	0	0	19
135	1484	4632	2203	0	2946	1580	0	0	0	19
136	1484	4633	2203	0	2946	1580	0	0	0	19
137	1484	4634	2203	0	2946	1580	0	0	0	20
138	1480	4621	2202	0	2946	1580	0	0	0	19
139	1470	4586	2199	0	2946	1580	0	0	0	16
140	1471	4587	2199	0	2946	1580	0	0	0	16
141	1465	4566	2197	0	2946	1580	0	0	0	15
142	1465	4567	2197	0	2946	1580	0	0	0	15
143	1448	4507	2192	0	2946	1580	0	0	0	11
144	1441	4480	2189	0	2946	1580	0	0	0	9
145	1431	4445	2186	0	2946	1580	0	0	0	7
146	1433	4455	2187	0	2946	1580	0	0	0	8
147	1429	4440	2186	0	2946	1580	0	0	0	7
148	1427	4433	2185	0	2946	1580	0	0	0	6
149	1427	4433	2185	0	2946	1580	0	0	0	6
150	1428	4434	2185	0	2946	1580	0	0	0	6
151	1428	4436	2185	0	2946	1580	0	0	0	7
152	1430	4444	2186	0	2946	1580	0	0	0	7
153	1438	4471	2189	0	2946	1580	0	0	0	9
154	1442	4484	2190	0	2946	1580	0	0	0	10
155	1450	4512	2192	0	2946	1580	0	0	0	12
156	1455	4532	2194	0	2946	1580	0	0	0	13
157	1465	4568	2197	0	2946	1580	0	0	0	15
158	1466	4572	2198	0	2946	1580	0	0	0	15
159	1466	4572	2198	0	2946	1580	0	0	0	15
160	1466	4572	2198	0	2946	1580	0	0	0	15
161	1467	4572	2198	0	2946	1580	0	0	0	15
162	1467	4572	2198	0	2946	1580	0	0	0	15
163	1463	4559	2197	0	2946	1580	0	0	0	15
164	1459	4544	2195	0	2946	1580	0	0	0	14
165	1457	4537	2195	0	2946	1580	0	0	0	13
166	1453	4524	2193	0	2946	1580	0	0	0	12
167	1444	4493	2191	0	2946	1580	0	0	0	10
168	1438	4470	2189	0	2946	1580	0	0	0	9
169	1429	4439	2186	0	2946	1580	0	0	0	7
170	1428	4434	2185	0	2946	1580	0	0	0	6
171	1427	4433	2185	0	2946	1580	0	0	0	6
172	1427	4433	2185	0	2946	1580	0	0	0	6
173	1427	4433	2185	0	2946	1580	0	0	0	6
174	1428	4434	2185	0	2946	1580	0	0	0	6
175	1428	4436	2185	0	2946	1580	0	0	0	7
176	1430	4443	2186	0	2946	1580	0	0	0	7
177	1440	4477	2189	0	2946	1580	0	0	0	9
178	1440	4478	2189	0	2946	1580	0	0	0	9
179	1444	4493	2191	0	2946	1580	0	0	0	10
180	1447	4503	2191	0	2946	1580	0	0	0	11
181	1450	4512	2192	0	2946	1580	0	0	0	12
182	1454	4528	2194	0	2946	1580	0	0	0	13
183	1454	4528	2194	0	2946	1580	0	0	0	13
184	1454	4528	2194	0	2946	1580	0	0	0	13
185	1454	4528	2194	0	2946	1580	0	0	0	13
186	1454	4528	2194	0	2946	1580	0	0	0	13
187	1454	4528	2194	0	2946	1580	0	0	0	13
188	1454	4527	2194	0	2946	1580	0	0	0	13
189	1454	4527	2194	0	2946	1580	0	0	0	13
190	1449	4509	2192	0	2946	1580	0	0	0	0
191	1439	4475	2189	0	2946	1580	0	0	0	0
192	1435	4460	2188	0	2946	1580	0	0	0	0
193	1432	4449	2187	0	2946	1580	0	0	0	0
194	1430	4443	2186	0	2946	1580	0	0	0	0
195	1430	4443	2186	0	2946	1580	0	0	0	0
196	1430	4443	2186	0	2946	1580	0	0	0	0
197	1434	4456	2187	0	2946	1580	0	0	0	0
198	1437	4469	2188	0	2946	1580	0	0	0	9
199	1439	4474	2189	0	2946	1580	0	0	0	9
200	1445	4494	2191	0	2946	1580	0	0	0	10
201	1453	4524	2193	0	2946	1580	0	0	0	12
202	1462	4557	2196	0	2946	1580	0	0	0	15
203	1469	4580	2198	0	2946	1580	0	0	0	16
204	1478	4612	2201	0	2946	1580	0	0	0	18
205	1487	4645	2204	0	2946	1580	0	0	0	20
206	1494	4670	2207	0	2946	1580	0	0	0	22
207	1494	4670	2207	0	2946	1580	0	0	0	22
208	1494	4670	2207	0	2946	1580	0	0	0	22
209	1495	4671	2207	0	2946	1580	0	0	0	22
210	1491	4658	2206	0	2946	1580	0	0	0	21
211	1491	4659	2206	0	2946	1580	0	0	0	21
212	1487	4645	2204	0	2946	1580	0	0	0	20
213	1477	4610	2201	0	2946	1580	0	0	0	18
214	1467	4574	2198	0	2946	1580	0	0	0	0
215	1448	4507	2192	0	2946	1580	0	0	0	0
216	1435	4461	2188	0	2946	1580	0	0	0	0
217	1435	4460	2188	0	2946	1580	0	0	0	0
218	1426	4430	2185	0	2946	1580	0	0	0	0
219	1426	4430	2185	0	2946	1580	0	0	0	0
220	1426	4430	2185	0	2946	1580	0	0	0	0
221	1430	4444	2186	0	2946	1580	0	0	0	0
222	1430	4444	2186	0	2946	1580	0	0	0	0
223	1431	4447	2186	0	2946	1580	0	0	0	7
224	1438	4472	2189	0	2946	1580	0	0	0	9
225	1450	4515	2193	0	2946	1580	0	0	0	12
226	1458	4541	2195	0	2946	1580	0	0	0	13
227	1461	4554	2196	0	2946	1580	0	0	0	14
228	1466	4569	2197	0	2946	1580	0	0	0	15
229	1478	4614	2202	0	2946	1580	0	0	0	18
230	1484	4635	2203	0	2946	1580	0	0	0	20
231	1484	4635	2203	0	2946	1580	0	0	0	20
232	1484	4635	2203	0	2946	1580	0	0	0	20
233	1484	4636	2204	0	2946	1580	0	0	0	20
234	1481	4622	2202	0	2946	1580	0	0	0	19
235	1481	4623	2202	0	2946	1580	0	0	0	19
236	1477	4609	2201	0	2946	1580	0	0	0	18
237	1469	4581	2199	0	2946	1580	0	0	0	16
238	1460	4548	2196	0	2946	1580	0	0	0	14
239	1442	4485	2190	0	2946	1580	0	0	0	10
240	1432	4451	2187	0	2946	1580	0	0	0	8
241	1427	4432	2185	0	2946	1580	0	0	0	6
242	1423	4419	2184	0	2946	1580	0	0	0	5
243	1423	4419	2184	0	2946	1580	0	0	0	5
244	1423	4419	2184	0	2946	1580	0	0	0	5
245	1427	4432	2185	0	2946	1580	0	0	0	6
246	1427	4432	2185	0	2946	1580	0	0	0	6
247	1427	4432	2185	0	2946	1580	0	0	0	6
248	1434	4457	2187	0	2946	1580	0	0	0	8
249	1445	4496	2191	0	2946	1580	0	0	0	10
250	1449	4510	2192	0	2946	1580	0	0	0	11
251	1453	4524	2193	0	2946	1580	0	0	0	12
252	1460	4549	2196	0	2946	1580	0	0	0	14
253	1470	4586	2199	0	2946	1580	0	0	0	16
254	1477	4610	2201	0	2946	1580	0	0	0	18
255	1480	4619	2202	0	2946	1580	0	0	0	19
256	1480	4619	2202	0	2946	1580	0	0	0	19
257	1480	4619	2202	0	2946	1580	0	0	0	19
258	1476	4606	2201	0	2946	1580	0	0	0	18
259	1476	4604	2201	0	2946	1580	0	0	0	18
260	1471	4590	2199	0	2946	1580	0	0	0	17
261	1464	4562	2197	0	2946	1580	0	0	0	15
262	1459	4546	2195	0	2946	1580	0	0	0	14
263	1447	4504	2192	0	2946	1580	0	0	0	11
264	1428	4434	2185	0	2946	1580	0	0	0	6
265	1438	4472	2189	0	2946	1580	0	0	0	9
266	1442	4486	2190	0	2946	1580	0	0	0	10
267	1442	4486	2190	0	2946	1580	0	0	0	10
268	1442	4486	2190	0	2946	1580	0	0	0	10
269	1442	4486	2190	0	2946	1580	0	0	0	10
270	1446	4499	2191	0	2946	1580	0	0	0	11
271	1447	4504	2192	0	2946	1580	0	0	0	11
272	1450	4513	2192	0	2946	1580	0	0	0	12
273	1464	4561	2197	0	2946	1580	0	0	0	15
274	1475	4602	2200	0	2946	1580	0	0	0	17
275	1486	4641	2204	0	2946	1580	0	0	0	20
276	1497	4681	2208	0	2946	1580	0	0	0	23
277	1502	4699	2209	0	2946	1580	0	0	0	24
278	1504	4706	2210	0	2946	1580	0	0	0	24
279	1508	4720	2211	0	2946	1580	0	0	0	25
280	1508	4720	2211	0	2946	1580	0	0	0	25
281	1509	4721	2211	0	2946	1580	0	0	0	25
282	1508	4718	2211	0	2946	1580	0	0	0	25
283	1503	4700	2209	0	2946	1580	0	0	0	24
284	1499	4687	2208	0	2946	1580	0	0	0	23
285	1494	4670	2207	0	2946	1580	0	0	0	22
286	1475	4602	2200	0	2946	1580	0	0	0	17
287	1454	4528	2194	0	2946	1580	0	0	0	13
288	1449	4511	2192	0	2946	1580	0	0	0	12
289	1446	4500	2191	0	2946	1580	0	0	0	11
290	1447	4503	2191	0	2946	1580	0	0	0	11
291	1446	4500	2191	0	2946	1580	0	0	0	11
292	1446	4500	2191	0	2946	1580	0	0	0	11
293	1450	4515	2193	0	2946	1580	0	0	0	12
294	1455	4532	2194	0	2946	1580	0	0	0	13
295	1455	4531	2194	0	2946	1580	0	0	0	13
296	1458	4543	2195	0	2946	1580	0	0	0	14
297	1471	4587	2199	0	2946	1580	0	0	0	16
298	1488	4649	2205	0	2946	1580	0	0	0	20
299	1493	4664	2206	0	2946	1580	0	0	0	22
300	1497	4680	2208	0	2946	1580	0	0	0	23
301	1504	4705	2210	0	2946	1580	0	0	0	24
302	1512	4732	2212	0	2946	1580	0	0	0	26
303	1512	4732	2212	0	2946	1580	0	0	0	26
304	1512	4733	2212	0	2946	1580	0	0	0	26
305	1508	4720	2211	0	2946	1580	0	0	0	25
306	1508	4721	2211	0	2946	1580	0	0	0	25
307	1505	4708	2210	0	2946	1580	0	0	0	24
308	1498	4685	2208	0	2946	1580	0	0	0	23
309	1485	4639	2204	0	2946	1580	0	0	0	20
310	1471	4587	2199	0	2946	1580	0	0	0	16
311	1457	4538	2195	0	2946	1580	0	0	0	13
312	1448	4508	2192	0	2946	1580	0	0	0	11
313	1446	4500	2191	0	2946	1580	0	0	0	11
314	1445	4496	2191	0	2946	1580	0	0	0	10
315	1445	4496	2191	0	2946	1580	0	0	0	10
316	1445	4496	2191	0	2946	1580	0	0	0	10
317	1445	4496	2191	0	2946	1580	0	0	0	10
318	1445	4497	2191	0	2946	1580	0	0	0	11
319	1444	4493	2191	0	2946	1580	0	0	0	10
320	1447	4504	2192	0	2946	1580	0	0	0	11
321	1457	4538	2195	0	2946	1580	0	0	0	13
322	1459	4546	2195	0	2946	1580	0	0	0	14
323	1460	4548	2196	0	2946	1580	0	0	0	14
324	1472	4591	2199	0	2946	1580	0	0	0	17
325	1474	4599	2200	0	2946	1580	0	0	0	17
326	1476	4606	2201	0	2946	1580	0	0	0	18
327	1476	4606	2201	0	2946	1580	0	0	0	18
328	1476	4606	2201	0	2946	1580	0	0	0	18
329	1476	4606	2201	0	2946	1580	0	0	0	18
330	1474	4599	2200	0	2946	1580	0	0	0	17
331	1474	4599	2200	0	2946	1580	0	0	0	17
332	1474	4599	2200	0	2946	1580	0	0	0	17
333	1472	4591	2200	0	2946	1580	0	0	0	17
334	1460	4550	2196	0	2946	1580	0	0	0	14
335	1451	4516	2193	0	2946	1580	0	0	0	12
336	1450	4512	2192	0	2946	1580	0	0	0	12
337	1445	4497	2191	0	2946	1580	0	0	0	11
338	1444	4493	2191	0	2946	1580	0	0	0	10
339	1443	4490	2190	0	2946	1580	0	0	0	10
340	1443	4490	2190	0	2946	1580	0	0	0	10
341	1442	4486	2190	0	2946	1580	0	0	0	10
342	1442	4486	2190	0	2946	1580	0	0	0	10
343	1445	4496	2191	0	2946	1580	0	0	0	11
344	1447	4503	2191	0	2946	1580	0	0	0	11
345	1458	4543	2195	0	2946	1580	0	0	0	14
346	1465	4568	2197	0	2946	1580	0	0	0	15
347	1466	4571	2198	0	2946	1580	0	0	0	15
348	1467	4575	2198	0	2946	1580	0	0	0	16
349	1471	4587	2199	0	2946	1580	0	0	0	16
350	1473	4595	2200	0	2946	1580	0	0	0	17
351	1473	4595	2200	0	2946	1580	0	0	0	17
352	1473	4595	2200	0	2946	1580	0	0	0	17
353	1473	4595	2200	0	2946	1580	0	0	0	17
354	1473	4595	2200	0	2946	1580	0	0	0	17
355	1473	4595	2200	0	2946	1580	0	0	0	17
356	1473	4595	2200	0	2946	1580	0	0	0	17
357	1473	4595	2200	0	2946	1580	0	0	0	17
358	1470	4583	2199	0	2946	1580	0	0	0	16
359	1451	4517	2193	0	2946	1580	0	0	0	12
360	1446	4500	2191	0	2946	1580	0	0	0	11
361	1446	4501	2191	0	2946	1580	0	0	0	11
362	1442	4486	2190	0	2946	1580	0	0	0	10
363	1441	4483	2190	0	2946	1580	0	0	0	10
364	1441	4483	2190	0	2946	1580	0	0	0	10
365	1446	4500	2191	0	2946	1580	0	0	0	11
366	1452	4522	2193	0	2946	1580	0	0	0	12
367	1451	4516	2193	0	2946	1580	0	0	0	12
368	1459	4544	2195	0	2946	1580	0	0	0	14
369	1474	4600	2200	0	2946	1580	0	0	0	17
370	1486	4641	2204	0	2946	1580	0	0	0	20
371	1493	4666	2206	0	2946	1580	0	0	0	22
372	1500	4690	2208	0	2946	1580	0	0	0	23
373	1502	4699	2209	0	2946	1580	0	0	0	24
374	1509	4721	2211	0	2946	1580	0	0	0	25
375	1509	4721	2211	0	2946	1580	0	0	0	25
376	1509	4721	2211	0	2946	1580	0	0	0	25
377	1509	4721	2211	0	2946	1580	0	0	0	25
378	1509	4721	2211	0	2946	1580	0	0	0	25
379	1509	4722	2211	0	2946	1580	0	0	0	25
380	1505	4708	2210	0	2946	1580	0	0	0	24
381	1492	4662	2206	0	2946	1580	0	0	0	21
382	1476	4605	2201	0	2946	1580	0	0	0	18
383	1452	4521	2193	0	2946	1580	0	0	0	12
384	1443	4488	2190	0	2946	1580	0	0	0	10
385	1443	4487	2190	0	2946	1580	0	0	0	10
386	1442	4485	2190	0	2946	1580	0	0	0	10
387	1442	4485	2190	0	2946	1580	0	0	0	10
388	1444	4494	2191	0	2946	1580	0	0	0	10
389	1451	4518	2193	0	2946	1580	0	0	0	12
390	1459	4544	2195	0	2946	1580	0	0	0	14
391	1459	4545	2195	0	2946	1580	0	0	0	14
392	1460	4550	2196	0	2946	1580	0	0	0	14
393	1477	4608	2201	0	2946	1580	0	0	0	18
394	1495	4673	2207	0	2946	1580	0	0	0	22
395	1512	4733	2212	0	2946	1580	0	0	0	26
396	1516	4748	2214	0	2946	1580	0	0	0	27
397	1525	4780	2217	0	2946	1580	0	0	0	29
398	1525	4780	2217	0	2946	1580	0	0	0	29
399	1524	4776	2216	0	2946	1580	0	0	0	29
400	1524	4777	2216	0	2946	1580	0	0	0	29
401	1527	4787	2217	0	2946	1580	0	0	0	30
402	1527	4787	2217	0	2946	1580	0	0	0	30
403	1523	4771	2216	0	2946	1580	0	0	0	29
404	1508	4719	2211	0	2946	1580	0	0	0	25
405	1497	4679	2207	0	2946	1580	0	0	0	22
406	1475	4602	2201	0	2946	1580	0	0	0	17
407	1457	4538	2195	0	2946	1580	0	0	0	13
408	1452	4522	2193	0	2946	1580	0	0	0	12
409	1444	4493	2191	0	2946	1580	0	0	0	10
410	1444	4491	2190	0	2946	1580	0	0	0	10
411	1443	4489	2190	0	2946	1580	0	0	0	10
412	1443	4489	2190	0	2946	1580	0	0	0	10
413	1448	4505	2192	0	2946	1580	0	0	0	11
414	1453	4523	2193	0	2946	1580	0	0	0	12
415	1454	4528	2194	0	2946	1580	0	0	0	13
416	1464	4563	2197	0	2946	1580	0	0	0	15
417	1481	4625	2203	0	2946	1580	0	0	0	19
418	1501	4693	2209	0	2946	1580	0	0	0	23
419	1506	4711	2210	0	2946	1580	0	0	0	25
420	1493	4665	2206	0	2946	1580	0	0	0	22
421	1502	4696	2209	0	2946	1580	0	0	0	24
422	1501	4696	2209	0	2946	1580	0	0	0	24
423	1501	4696	2209	0	2946	1580	0	0	0	24
424	1503	4702	2210	0	2946	1580	0	0	0	24
425	1507	4714	2211	0	2946	1580	0	0	0	25
426	1506	4711	2210	0	2946	1580	0	0	0	25
427	1501	4695	2209	0	2946	1580	0	0	0	24
428	1494	4670	2207	0	2946	1580	0	0	0	22
429	1477	4609	2201	0	2946	1580	0	0	0	18
430	1464	4562	2197	0	2946	1580	0	0	0	15
431	1436	4462	2188	0	2946	1580	0	0	0	8
432	1430	4442	2186	0	2946	1580	0	0	0	7
433	1444	4492	2190	0	2946	1580	0	0	0	10
434	1440	4479	2189	0	2946	1580	0	0	0	9
435	1440	4479	2189	0	2946	1580	0	0	0	9
436	1436	4463	2188	0	2946	1580	0	0	0	8
437	1436	4465	2188	0	2946	1580	0	0	0	8
438	1438	4472	2189	0	2946	1580	0	0	0	9
439	1438	4471	2189	0	2946	1580	0	0	0	9
440	1447	4503	2191	0	2946	1580	0	0	0	11
441	1460	4549	2196	0	2946	1580	0	0	0	14
442	1471	4589	2199	0	2946	1580	0	0	0	17
443	1483	4631	2203	0	2946	1580	0	0	0	19
444	1488	4648	2205	0	2946	1580	0	0	0	20
445	1496	4676	2207	0	2946	1580	0	0	0	22
446	1496	4676	2207	0	2946	1580	0	0	0	22
447	1496	4676	2207	0	2946	1580	0	0	0	22
448	1498	4683	2208	0	2946	1580	0	0	0	23
449	1498	4684	2208	0	2946	1580	0	0	0	23
450	1498	4684	2208	0	2946	1580	0	0	0	23
451	1492	4661	2206	0	2946	1580	0	0	0	21
452	1487	4644	2204	0	2946	1580	0	0	0	20
453	1484	4636	2204	0	2946	1580	0	0	0	20
454	1478	4612	2201	0	2946	1580	0	0	0	18
455	1451	4517	2193	0	2946	1580	0	0	0	12
456	1443	4487	2190	0	2946	1580	0	0	0	10
457	1436	4464	2188	0	2946	1580	0	0	0	8
458	1432	4450	2187	0	2946	1580	0	0	0	8
459	1432	4450	2187	0	2946	1580	0	0	0	8
460	1432	4450	2187	0	2946	1580	0	0	0	8
461	1436	4464	2188	0	2946	1580	0	0	0	8
462	1436	4464	2188	0	2946	1580	0	0	0	8
463	1435	4460	2188	0	2946	1580	0	0	0	8
464	1441	4483	2190	0	2946	1580	0	0	0	10
465	1454	4528	2194	0	2946	1580	0	0	0	13
466	1466	4569	2198	0	2946	1580	0	0	0	15
467	1476	4604	2201	0	2946	1580	0	0	0	18
468	1481	4622	2202	0	2946	1580	0	0	0	19
469	1486	4641	2204	0	2946	1580	0	0	0	20
470	1486	4641	2204	0	2946	1580	0	0	0	20
471	1488	4648	2205	0	2946	1580	0	0	0	20
472	1488	4648	2205	0	2946	1580	0	0	0	20
473	1488	4649	2205	0	2946	1580	0	0	0	21
474	1486	4643	2204	0	2946	1580	0	0	0	20
475	1487	4643	2204	0	2946	1580	0	0	0	20
476	1483	4632	2203	0	2946	1580	0	0	0	19
477	1484	4633	2203	0	2946	1580	0	0	0	19
478	1462	4556	2196	0	2946	1580	0	0	0	14
479	1444	4492	2190	0	2946	1580	0	0	0	10
480	1433	4454	2187	0	2946	1580	0	0	0	8
481	1432	4451	2187	0	2946	1580	0	0	0	8
482	1431	4448	2186	0	2946	1580	0	0	0	7
483	1429	4439	2186	0	2946	1580	0	0	0	7
484	1429	4439	2186	0	2946	1580	0	0	0	7
485	1429	4439	2186	0	2946	1580	0	0	0	7
486	1429	4439	2186	0	2946	1580	0	0	0	7
487	1429	4441	2186	0	2946	1580	0	0	0	7
488	1425	4425	2184	0	2946	1580	0	0	0	6
489	1426	4427	2185	0	2946	1580	0	0	0	6
490	1426	4428	2185	0	2946	1580	0	0	0	6
491	1428	4435	2185	0	2946	1580	0	0	0	6
492	1439	4475	2189	0	2946	1580	0	0	0	9
493	1448	4507	2192	0	2946	1580	0	0	0	11
494	1450	4514	2192	0	2946	1580	0	0	0	12
495	1450	4514	2192	0	2946	1580	0	0	0	12
496	1450	4514	2192	0	2946	1580	0	0	0	12
497	1450	4514	2192	0	2946	1580	0	0	0	12
498	1448	4507	2192	0	2946	1580	0	0	0	11
499	1444	4491	2190	0	2946	1580	0	0	0	10
500	1436	4464	2188	0	2946	1580	0	0	0	8
501	1441	4480	2189	0	2946	1580	0	0	0	9
502	1437	4468	2188	0	2946	1580	0	0	0	9
503	1434	4455	2187	0	2946	1580	0	0	0	8
504	1433	4452	2187	0	2946	1580	0	0	0	8
505	1431	4448	2186	0	2946	1580	0	0	0	7
506	1431	4448	2186	0	2946	1580	0	0	0	7
507	1431	4447	2186	0	2946	1580	0	0	0	7
508	1431	4447	2186	0	2946	1580	0	0	0	7
509	1431	4447	2186	0	2946	1580	0	0	0	7
510	1431	4448	2186	0	2946	1580	0	0	0	7
511	1432	4449	2187	0	2946	1580	0	0	0	7
512	1431	4446	2186	0	2946	1580	0	0	0	7
513	1433	4452	2187	0	2946	1580	0	0	0	8
514	1436	4465	2188	0	2946	1580	0	0	0	8
515	1439	4474	2189	0	2946	1580	0	0	0	9
516	1439	4476	2189	0	2946	1580	0	0	0	9
517	1440	4477	2189	0	2946	1580	0	0	0	9
518	1444	4493	2191	0	2946	1580	0	0	0	10
519	1444	4493	2191	0	2946	1580	0	0	0	10
520	1444	4493	2191	0	2946	1580	0	0	0	10
521	1446	4501	2191	0	2946	1580	0	0	0	11
522	1446	4501	2191	0	2946	1580	0	0	0	11
523	1446	4501	2191	0	2946	1580	0	0	0	11
524	1443	4489	2190	0	2946	1580	0	0	0	10
525	1446	4501	2191	0	2946	1580	0	0	0	11
526	1446	4501	2191	0	2946	1580	0	0	0	11
527	1439	4476	2189	0	2946	1580	0	0	0	9
528	1440	4478	2189	0	2946	1580	0	0	0	9
529	1440	4478	2189	0	2946	1580	0	0	0	9
530	1437	4469	2188	0	2946	1580	0	0	0	9
531	1434	4458	2187	0	2946	1580	0	0	0	8
532	1433	4455	2187	0	2946	1580	0	0	0	8
533	1435	4462	2188	0	2946	1580	0	0	0	8
534	1438	4472	2189	0	2946	1580	0	0	0	9
535	1440	4479	2189	0	2946	1580	0	0	0	9
536	1446	4500	2191	0	2946	1580	0	0	0	11
537	1454	4526	2194	0	2946	1580	0	0	0	12
538	1463	4560	2197	0	2946	1580	0	0	0	15
539	1473	4595	2200	0	2946	1580	0	0	0	17
540	1477	4611	2201	0	2946	1580	0	0	0	18
541	1486	4641	2204	0	2946	1580	0	0	0	20
542	1487	4644	2204	0	2946	1580	0	0	0	20
543	1487	4644	2204	0	2946	1580	0	0	0	20
544	1487	4645	2204	0	2946	1580	0	0	0	20
545	1487	4645	2204	0	2946	1580	0	0	0	20
546	1487	4645	2204	0	2946	1580	0	0	0	20
547	1485	4637	2204	0	2946	1580	0	0	0	20
548	1485	4637	2204	0	2946	1580	0	0	0	20
549	1483	4631	2203	0	2946	1580	0	0	0	19
550	1473	4596	2200	0	2946	1580	0	0	0	17
551	1452	4520	2193	0	2946	1580	0	0	0	12
552	1442	4487	2190	0	2946	1580	0	0	0	10
553	1435	4461	2188	0	2946	1580	0	0	0	8
554	1433	4453	2187	0	2946	1580	0	0	0	8
555	1433	4453	2187	0	2946	1580	0	0	0	8
556	1433	4453	2187	0	2946	1580	0	0	0	8
557	1437	4467	2188	0	2946	1580	0	0	0	9
558	1438	4471	2189	0	2946	1580	0	0	0	9
559	1439	4476	2189	0	2946	1580	0	0	0	9
560	1444	4493	2191	0	2946	1580	0	0	0	10
561	1452	4520	2193	0	2946	1580	0	0	0	12
562	1454	4529	2194	0	2946	1580	0	0	0	13
563	1465	4566	2197	0	2946	1580	0	0	0	15
564	1469	4581	2199	0	2946	1580	0	0	0	16
565	1477	4608	2201	0	2946	1580	0	0	0	18
566	1480	4620	2202	0	2946	1580	0	0	0	19
567	1480	4620	2202	0	2946	1580	0	0	0	19
568	1480	4620	2202	0	2946	1580	0	0	0	19
569	1480	4621	2202	0	2946	1580	0	0	0	19
570	1480	4622	2202	0	2946	1580	0	0	0	19
571	1481	4622	2202	0	2946	1580	0	0	0	19
572	1481	4622	2202	0	2946	1580	0	0	0	19
573	1477	4608	2201	0	2946	1580	0	0	0	18
574	1462	4558	2196	0	2946	1580	0	0	0	15
575	1447	4502	2191	0	2946	1580	0	0	0	11
576	1438	4470	2188	0	2946	1580	0	0	0	9
577	1438	4471	2189	0	2946	1580	0	0	0	9
578	1441	4483	2190	0	2946	1580	0	0	0	10
579	1441	4483	2190	0	2946	1580	0	0	0	10
580	1441	4483	2190	0	2946	1580	0	0	0	10
581	1441	4483	2190	0	2946	1580	0	0	0	10
582	1442	4487	2190	0	2946	1580	0	0	0	10
583	1444	4493	2191	0	2946	1580	0	0	0	10
584	1467	4574	2198	0	2946	1580	0	0	0	16
585	1476	4604	2201	0	2946	1580	0	0	0	18
586	1481	4622	2202	0	2946	1580	0	0	0	19
587	1485	4639	2204	0	2946	1580	0	0	0	20
588	1499	4687	2208	0	2946	1580	0	0	0	23
589	1503	4701	2209	0	2946	1580	0	0	0	24
590	1505	4709	2210	0	2946	1580	0	0	0	24
591	1505	4709	2210	0	2946	1580	0	0	0	24
592	1505	4710	2210	0	2946	1580	0	0	0	24
593	1505	4710	2210	0	2946	1580	0	0	0	25
594	1506	4711	2210	0	2946	1580	0	0	0	25
595	1496	4676	2207	0	2946	1580	0	0	0	22
596	1496	4676	2207	0	2946	1580	0	0	0	22
597	1502	4697	2209	0	2946	1580	0	0	0	24
598	1485	4639	2204	0	2946	1580	0	0	0	20
599	1468	4579	2198	0	2946	1580	0	0	0	16
600	1440	4477	2189	0	2946	1580	0	0	0	9
601	1438	4471	2189	0	2946	1580	0	0	0	9
602	1441	4483	2190	0	2946	1580	0	0	0	10
603	1441	4483	2190	0	2946	1580	0	0	0	10
604	1441	4483	2190	0	2946	1580	0	0	0	10
605	1441	4483	2190	0	2946	1580	0	0	0	10
606	1442	4487	2190	0	2946	1580	0	0	0	10
607	1444	4493	2191	0	2946	1580	0	0	0	10
608	1467	4574	2198	0	2946	1580	0	0	0	16
609	1476	4604	2201	0	2946	1580	0	0	0	18
610	1481	4622	2202	0	2946	1580	0	0	0	19
611	1485	4639	2204	0	2946	1580	0	0	0	20
612	1499	4687	2208	0	2946	1580	0	0	0	23
613	1503	4701	2209	0	2946	1580	0	0	0	24
614	1505	4709	2210	0	2946	1580	0	0	0	24
615	1505	4709	2210	0	2946	1580	0	0	0	24
616	1505	4710	2210	0	2946	1580	0	0	0	24
617	1505	4710	2210	0	2946	1580	0	0	0	25
618	1506	4711	2210	0	2946	1580	0	0	0	25
619	1496	4676	2207	0	2946	1580	0	0	0	22
620	1496	4676	2207	0	2946	1580	0	0	0	22
621	1502	4697	2209	0	2946	1580	0	0	0	24
622	1485	4639	2204	0	2946	1580	0	0	0	20
623	1468	4579	2198	0	2946	1580	0	0	0	16
624	1440	4477	2189	0	2946	1580	0	0	0	9
625	1438	4471	2189	0	2946	1580	0	0	0	9
626	1441	4483	2190	0	2946	1580	0	0	0	10
627	1441	4483	2190	0	2946	1580	0	0	0	10
628	1441	4483	2190	0	2946	1580	0	0	0	10
629	1441	4483	2190	0	2946	1580	0	0	0	10
630	1442	4487	2190	0	2946	1580	0	0	0	10
631	1444	4493	2191	0	2946	1580	0	0	0	10
632	1467	4574	2198	0	2946	1580	0	0	0	16
633	1476	4604	2201	0	2946	1580	0	0	0	18
634	1481	4622	2202	0	2946	1580	0	0	0	19
635	1485	4639	2204	0	2946	1580	0	0	0	20
636	1499	4687	2208	0	2946	1580	0	0	0	23
637	1503	4701	2209	0	2946	1580	0	0	0	24
638	1505	4709	2210	0	2946	1580	0	0	0	24
639	1505	4709	2210	0	2946	1580	0	0	0	24
640	1505	4710	2210	0	2946	1580	0	0	0	24
641	1505	4710	2210	0	2946	1580	0	0	0	25
642	1506	4711	2210	0	2946	1580	0	0	0	25
643	1496	4676	2207	0	2946	1580	0	0	0	22
644	1496	4676	2207	0	2946	1580	0	0	0	22
645	1502	4697	2209	0	2946	1580	0	0	0	24
646	1485	4639	2204	0	2946	1580	0	0	0	20
647	1468	4579	2198	0	2946	1580	0	0	0	16
648	1440	4477	2189	0	2946	1580	0	0	0	9
649	1438	4471	2189	0	2946	1580	0	0	0	9
650	1441	4483	2190	0	2946	1580	0	0	0	10
651	1441	4483	2190	0	2946	1580	0	0	0	10
652	1441	4483	2190	0	2946	1580	0	0	0	10
653	1441	4483	2190	0	2946	1580	0	0	0	10
654	1442	4487	2190	0	2946	1580	0	0	0	10
655	1444	4493	2191	0	2946	1580	0	0	0	10
656	1467	4574	2198	0	2946	1580	0	0	0	16
657	1476	4604	2201	0	2946	1580	0	0	0	18
658	1481	4622	2202	0	2946	1580	0	0	0	19
659	1485	4639	2204	0	2946	1580	0	0	0	20
660	1499	4687	2208	0	2946	1580	0	0	0	23
661	1503	4701	2209	0	2946	1580	0	0	0	24
662	1505	4709	2210	0	2946	1580	0	0	0	24
663	1505	4709	2210	0	2946	1580	0	0	0	24
664	1505	4710	2210	0	2946	1580	0	0	0	24
665	1505	4710	2210	0	2946	1580	0	0	0	25
666	1506	4711	2210	0	2946	1580	0	0	0	25
667	1496	4676	2207	0	2946	1580	0	0	0	22
668	1496	4676	2207	0	2946	1580	0	0	0	22
669	1502	4697	2209	0	2946	1580	0	0	0	24
670	1485	4639	2204	0	2946	1580	0	0	0	20
671	1468	4579	2198	0	2946	1580	0	0	0	16
672	1440	4477	2189	0	2946	1580	0	0	0	9
673	1438	4471	2189	0	2946	1580	0	0	0	9
674	1441	4483	2190	0	2946	1580	0	0	0	10
675	1441	4483	2190	0	2946	1580	0	0	0	10
676	1441	4483	2190	0	2946	1580	0	0	0	10
677	1441	4483	2190	0	2946	1580	0	0	0	10
678	1442	4487	2190	0	2946	1580	0	0	0	10
679	1444	4493	2191	0	2946	1580	0	0	0	10
680	1467	4574	2198	0	2946	1580	0	0	0	16
681	1476	4604	2201	0	2946	1580	0	0	0	18
682	1481	4622	2202	0	2946	1580	0	0	0	19
683	1485	4639	2204	0	2946	1580	0	0	0	20
684	1499	4687	2208	0	2946	1580	0	0	0	23
685	1503	4701	2209	0	2946	1580	0	0	0	24
686	1505	4709	2210	0	2946	1580	0	0	0	24
687	1505	4709	2210	0	2946	1580	0	0	0	24
688	1505	4710	2210	0	2946	1580	0	0	0	24
689	1505	4710	2210	0	2946	1580	0	0	0	25
690	1506	4711	2210	0	2946	1580	0	0	0	25
691	1496	4676	2207	0	2946	1580	0	0	0	22
692	1496	4676	2207	0	2946	1580	0	0	0	22
693	1502	4697	2209	0	2946	1580	0	0	0	24
694	1485	4639	2204	0	2946	1580	0	0	0	20
695	1468	4579	2198	0	2946	1580	0	0	0	16
696	1440	4477	2189	0	2946	1580	0	0	0	9
697	1438	4471	2189	0	2946	1580	0	0	0	9
698	1441	4483	2190	0	2946	1580	0	0	0	10
699	1441	4483	2190	0	2946	1580	0	0	0	10
700	1441	4483	2190	0	2946	1580	0	0	0	10
701	1441	4483	2190	0	2946	1580	0	0	0	10
702	1442	4487	2190	0	2946	1580	0	0	0	10
703	1444	4493	2191	0	2946	1580	0	0	0	10
704	1467	4574	2198	0	2946	1580	0	0	0	16
705	1476	4604	2201	0	2946	1580	0	0	0	18
706	1481	4622	2202	0	2946	1580	0	0	0	19
707	1485	4639	2204	0	2946	1580	0	0	0	20
708	1499	4687	2208	0	2946	1580	0	0	0	23
709	1503	4701	2209	0	2946	1580	0	0	0	24
710	1505	4709	2210	0	2946	1580	0	0	0	24
711	1505	4709	2210	0	2946	1580	0	0	0	24
712	1505	4710	2210	0	2946	1580	0	0	0	24
713	1505	4710	2210	0	2946	1580	0	0	0	25
714	1506	4711	2210	0	2946	1580	0	0	0	25
715	1496	4676	2207	0	2946	1580	0	0	0	22
716	1496	4676	2207	0	2946	1580	0	0	0	22
717	1502	4697	2209	0	2946	1580	0	0	0	24
718	1485	4639	2204	0	2946	1580	0	0	0	20
719	1468	4579	2198	0	2946	1580	0	0	0	16
720	1440	4477	2189	0	2946	1580	0	0	0	9
721	1438	4471	2189	0	2946	1580	0	0	0	9
722	1441	4483	2190	0	2946	1580	0	0	0	10
723	1441	4483	2190	0	2946	1580	0	0	0	10
724	1441	4483	2190	0	2946	1580	0	0	0	10
725	1441	4483	2190	0	2946	1580	0	0	0	10
726	1442	4487	2190	0	2946	1580	0	0	0	10
727	1444	4493	2191	0	2946	1580	0	0	0	10
728	1467	4574	2198	0	2946	1580	0	0	0	16
729	1476	4604	2201	0	2946	1580	0	0	0	18
730	1481	4622	2202	0	2946	1580	0	0	0	19
731	1485	4639	2204	0	2946	1580	0	0	0	20
732	1499	4687	2208	0	2946	1580	0	0	0	23
733	1503	4701	2209	0	2946	1580	0	0	0	24
734	1505	4709	2210	0	2946	1580	0	0	0	24
735	1505	4709	2210	0	2946	1580	0	0	0	24
736	1505	4710	2210	0	2946	1580	0	0	0	24
737	1505	4710	2210	0	2946	1580	0	0	0	25
738	1506	4711	2210	0	2946	1580	0	0	0	25
739	1496	4676	2207	0	2946	1580	0	0	0	22
740	1496	4676	2207	0	2946	1580	0	0	0	22
741	1502	4697	2209	0	2946	1580	0	0	0	24
742	1485	4639	2204	0	2946	1580	0	0	0	20
743	1468	4579	2198	0	2946	1580	0	0	0	16
744	1440	4477	2189	0	2946	1580	0	0	0	9
;


param q_act  :=    

1	34834.68
2	34192.68
3	33217.68
4	31914.68
5	31431.68
6	30930.13
7	30613.13
8	30631.13
9	32759.13
10	34567.13
11	38295.13
12	40538.13
13	41843.13
14	42731.13
15	43472.13
16	43935.13
17	44096.13
18	43594.13
19	42828.13
20	41481.13
21	41648.13
22	41534.13
23	39298.13
24	35818.13
25	33075.25
26	32085.25
27	30834.25
28	29528.25
29	29399.25
30	30014.36
31	30949.36
32	33590.36
33	35522.36
34	37324.36
35	39006.36
36	40276.36
37	41053.36
38	42446.36
39	42821.36
40	43223.36
41	44157.36
42	44501.36
43	43623.36
44	41419.36
45	40313.36
46	40033.36
47	36821.36
48	33412.36
49	30315.53
50	28994.53
51	28188.53
52	26832.53
53	26730.53
54	27694.07
55	28505.07
56	30611.07
57	33644.07
58	34430.07
59	36133.07
60	37479.07
61	37829.07
62	37999.07
63	40693.07
64	41435.07
65	41958.07
66	41862.07
67	40701.07
68	39256.07
69	38501.07
70	37837.07
71	34523.07
72	32089.07
73	29066.76
74	27809.76
75	27084.76
76	26557.76
77	26590.76
78	27354.59
79	28823.59
80	31153.59
81	34028.59
82	35745.59
83	37296.59
84	38749.59
85	39190.59
86	40695.59
87	41503.59
88	42336.59
89	42806.59
90	43046.59
91	41682.59
92	39666.59
93	39116.59
94	38863.59
95	36079.59
96	33096.59
97	30105.99
98	28751.99
99	28183.99
100	27553.99
101	27288.99
102	27931.66
103	29449.66
104	31482.66
105	34247.66
106	35864.66
107	37675.66
108	39572.66
109	40419.66
110	41455.66
111	41761.66
112	41341.66
113	41883.66
114	41728.66
115	40649.66
116	39473.66
117	38964.66
118	38199.66
119	35825.66
120	32506.66
121	29691.89
122	28458.89
123	27361.89
124	26427.89
125	26150.89
126	26841.86
127	28304.86
128	30311.86
129	32735.86
130	33932.86
131	35523.86
132	36787.86
133	37363.86
134	38670.86
135	39830.86
136	40910.86
137	41240.86
138	40990.86
139	40017.86
140	38558.86
141	37904.86
142	36575.86
143	34286.86
144	31314.86
145	29074.21
146	27763.21
147	26589.21
148	25687.21
149	25316.21
150	25722.46
151	25427.46
152	26912.46
153	29539.46
154	31720.46
155	33519.46
156	34578.46
157	35115.46
158	36051.46
159	36644.46
160	37285.46
161	37680.46
162	37588.46
163	36917.46
164	35720.46
165	35918.46
166	35346.46
167	33861.46
168	31816.46
169	29753.97
170	28102.97
171	27272.97
172	26896.97
173	26587.97
174	26728.67
175	26891.67
176	27114.67
177	28931.67
178	30996.67
179	31930.67
180	32655.67
181	33788.67
182	34581.67
183	34859.67
184	35073.67
185	34963.67
186	35075.67
187	34670.67
188	34467.67
189	34820.67
190	34748.67
191	33068.67
192	30997.67
193	29074.4
194	27625.4
195	26692.4
196	25655.4
197	25445.4
198	26168.34
199	27460.34
200	29294.34
201	31099.34
202	31352.34
203	32534.34
204	33746.34
205	34272.34
206	35237.34
207	35893.34
208	35995.34
209	36067.34
210	35941.34
211	34685.34
212	33322.34
213	33555.34
214	33327.34
215	30436.34
216	27459.34
217	25159.29
218	24036.29
219	23376.29
220	22878.29
221	22867.29
222	23981.19
223	25577.19
224	27748.19
225	29465.19
226	30707.19
227	32648.19
228	33570.19
229	34283.19
230	35278.19
231	36654.19
232	36508.19
233	36157.19
234	35771.19
235	34796.19
236	33670.19
237	33999.19
238	33951.19
239	31636.19
240	29111.19
241	26974.91
242	25862.91
243	25307.91
244	24947.91
245	24852.91
246	25883.04
247	28354.04
248	31013.04
249	33717.04
250	35670.04
251	37818.04
252	39827.04
253	40799.04
254	42083.04
255	43065.04
256	44054.04
257	44259.04
258	44259.04
259	43500.04
260	41776.04
261	41425.04
262	41385.04
263	38714.04
264	34223.04
265	31182.57
266	29470.57
267	28237.57
268	27475.57
269	27502.57
270	28595.9
271	30072.9
272	32821.9
273	35333.9
274	37429.9
275	39550.9
276	41758.9
277	43549.9
278	45142.9
279	45863.9
280	46181.9
281	46251.9
282	45857.9
283	44843.9
284	43661.9
285	43881.9
286	43317.9
287	39763.9
288	36048.9
289	32634.67
290	31505.67
291	30565.67
292	29827.67
293	29690.67
294	30559.08
295	32723.08
296	35452.08
297	37825.08
298	39957.08
299	42231.08
300	44314.08
301	44918.08
302	46235.08
303	46879.08
304	47041.08
305	46364.08
306	46648.08
307	45865.08
308	44966.08
309	45005.08
310	44003.08
311	41308.08
312	37552.08
313	33791.81
314	31466.81
315	30601.81
316	29418.81
317	28703.81
318	28840.11
319	29248.11
320	30327.11
321	32197.11
322	34599.11
323	36941.11
324	39039.11
325	40382.11
326	41238.11
327	41954.11
328	41987.11
329	41120.11
330	39506.11
331	37863.11
332	36420.11
333	36022.11
334	35201.11
335	33091.11
336	31458.11
337	28990.35
338	28157.35
339	28101.35
340	26034.35
341	25570.35
342	25587.9
343	25056.9
344	25064.9
345	27339.9
346	28605.9
347	30140.9
348	31382.9
349	32280.9
350	32734.9
351	32875.9
352	33195.9
353	33901.9
354	33844.9
355	33777.9
356	33240.9
357	34084.9
358	33619.9
359	31668.9
360	29430.9
361	27911.62
362	26861.62
363	26193.62
364	25613.62
365	25548.62
366	26197.32
367	27606.32
368	30156.32
369	33100.32
370	34887.32
371	36268.32
372	38069.32
373	39133.32
374	40323.32
375	41424.32
376	41973.32
377	42508.32
378	42632.32
379	41786.32
380	39843.32
381	39510.32
382	39159.32
383	36162.32
384	32316.32
385	29367.8
386	28395.8
387	27433.8
388	27000.8
389	26910.8
390	28079.96
391	30332.96
392	31846.96
393	34214.96
394	35643.96
395	38115.96
396	40220.96
397	42301.96
398	44384.96
399	45809.96
400	46787.96
401	47620.96
402	47002.96
403	45694.96
404	44428.96
405	44661.96
406	43703.96
407	40067.96
408	35693.96
409	32752.97
410	31606.97
411	30332.97
412	29214.97
413	28833.97
414	29422.6
415	30831.6
416	32985.6
417	35292.6
418	36979.6
419	39340.6
420	40751.6
421	42168.6
422	42901.6
423	43363.6
424	43799.6
425	43826.6
426	43512.6
427	41834.6
428	39903.6
429	39869.6
430	38434.6
431	34847.6
432	31724.6
433	29054.99
434	27646.99
435	27005.99
436	26103.99
437	25934.99
438	26804.64
439	28439.64
440	30536.64
441	32448.64
442	33818.64
443	35560.64
444	36928.64
445	37967.64
446	39020.64
447	39538.64
448	40068.64
449	40335.64
450	39958.64
451	38246.64
452	36976.64
453	37663.64
454	36854.64
455	33978.64
456	31135.64
457	28125.7
458	26935.7
459	26493.7
460	26208.7
461	25917.7
462	26464.94
463	29417.94
464	30216.94
465	31460.94
466	33165.94
467	34014.94
468	34550.94
469	34692.94
470	34959.94
471	34929.94
472	34648.94
473	34551.94
474	34192.94
475	33043.94
476	32251.94
477	32813.94
478	31493.94
479	29500.94
480	27063.94
481	25104.66
482	24395.66
483	24148.66
484	23168.66
485	22898.66
486	23034.71
487	23848.71
488	24212.71
489	26331.71
490	27960.71
491	29021.71
492	29158.71
493	28738.71
494	28453.71
495	28468.71
496	28606.71
497	28782.71
498	28743.71
499	28433.71
500	28238.71
501	29189.71
502	28458.71
503	27005.71
504	25646.71
505	23791.62
506	23079.62
507	22483.62
508	21862.62
509	21602.62
510	21719.43
511	22011.43
512	22290.43
513	23750.43
514	25251.43
515	26172.43
516	27083.43
517	27602.43
518	27836.43
519	28122.43
520	28534.43
521	29007.43
522	29266.43
523	29144.43
524	28605.43
525	29770.43
526	29411.43
527	27869.43
528	25732.43
529	24027.88
530	22997.88
531	22370.88
532	22141.88
533	22455.88
534	23611.4
535	25168.4
536	26721.4
537	28924.4
538	30797.4
539	32073.4
540	34175.39
541	35169.39
542	36110.39
543	36912.39
544	37653.39
545	37528.39
546	37403.39
547	36329.39
548	34957.39
549	35560.39
550	34280.39
551	31791.4
552	29098.4
553	26582.36
554	25449.36
555	24816.36
556	24535.36
557	24585.36
558	25659.52
559	27251.52
560	29451.52
561	31532.52
562	33203.52
563	35078.52
564	36166.52
565	36751.52
566	37516.52
567	38142.52
568	38180.52
569	38254.52
570	37887.52
571	36805.52
572	35815.52
573	36664.52
574	35226.52
575	32338.52
576	29441.52
577	27222.5
578	25762.5
579	25202.5
580	24522.5
581	24596.5
582	25674.39
583	27182.39
584	28443.39
585	31038.39
586	33031.39
587	34850.39
588	36024.39
589	36150.39
590	37138.39
591	37426.39
592	37187.39
593	36765.39
594	36241.39
595	35371.39
596	34716.39
597	35436.39
598	34201.39
599	31701.39
600	29357.39
601	27464.77
602	26481.77
603	25782.77
604	25410.77
605	25809.77
606	27267.26
607	29456.26
608	30708.26
609	32527.26
610	34129.26
611	35517.26
612	36987.26
613	38184.26
614	39004.26
615	39942.26
616	40248.26
617	40019.26
618	39484.26
619	38500.26
620	37533.26
621	37331.26
622	35683.26
623	33413.26
624	31129.26
625	28516.93
626	26967.93
627	26002.93
628	25797.93
629	25965.93
630	27307.6
631	29530.6
632	31771.6
633	33919.61
634	34979.61
635	36531.61
636	38121.61
637	39117.61
638	39922.61
639	40966.61
640	41209.61
641	41337.61
642	41043.61
643	39900.61
644	38254.61
645	38346.61
646	37343.61
647	34408.61
648	31151.6
649	28177.31
650	26737.31
651	25474.31
652	24688.31
653	24831.31
654	25359.25
655	25934.25
656	26770.25
657	29352.25
658	31747.25
659	34158.25
660	35300.25
661	36209.25
662	37591.25
663	38406.25
664	39134.25
665	39757.25
666	39792.25
667	38653.25
668	37269.25
669	37558.25
670	36006.25
671	33435.25
672	31152.25
673	29066.09
674	27664.09
675	27294.09
676	27359.09
677	27590.09
678	26444.72
679	25573.72
680	25512.72
681	27008.72
682	30140.72
683	32160.72
684	34037.72
685	35028.72
686	36044.72
687	36509.72
688	36603.72
689	36983.72
690	36635.72
691	35027.72
692	33484.72
693	33935.72
694	32124.72
695	29750.72
696	26698.72
697	24496.82
698	23589.82
699	22707.82
700	22224.82
701	22291.82
702	23467.45
703	25448.45
704	27261.45
705	28588.45
706	29862.45
707	30928.45
708	31223.45
709	31520.45
710	31907.45
711	31924.45
712	31666.45
713	31464.45
714	31299.45
715	30682.45
716	30787.45
717	31502.45
718	30105.45
719	27812.45
720	25305.45
721	23371.39
722	22552.39
723	22007.39
724	21721.39
725	21937.39
726	23102.76
727	25899.76
728	27290.76
729	28211.76
730	29558.76
731	30818.76
732	31375.76
733	32044.76
734	32521.76
735	32691.76
736	32471.76
737	32081.76
738	31627.76
739	30832.76
740	30815.76
741	32040.76
742	30937.76
743	28090.76
744	25455.76
;

param a_hat :=

1	35448
2	33653
3	32291
4	31104
5	30507
6	30556
7	30421
8	31239
9	33738
10	35976
11	39381
12	41921
13	43656
14	44756
15	45156
16	45292
17	45323
18	45028
19	44330
20	42962
21	42514
22	42248
23	39579
24	36016
25	32834
26	31086
27	29588
28	28664
29	28206
30	29281
31	30824
32	33829
33	36585
34	38663
35	40469
36	41754
37	42660
38	43830
39	44544
40	45168
41	45699
42	45803
43	44774
44	42837
45	41794
46	41062
47	37482
48	34093
49	30563
50	28597
51	27652
52	26692
53	26560
54	27675
55	29408
56	31834
57	34870
58	36399
59	37982
60	39659
61	40503
62	40406
63	42171
64	43047
65	43571
66	43474
67	42176
68	40528
69	39705
70	38891
71	35484
72	32558
73	29481
74	27344
75	26349
76	25584
77	25600
78	26861
79	28901
80	31775
81	34845
82	37255
83	38922
84	41060
85	41529
86	42734
87	43549
88	44274
89	44539
90	44384
91	43050
92	40866
93	40275
94	39552
95	36462
96	33495
97	30329
98	28514
99	27340
100	26650
101	26575
102	27646
103	29761
104	32523
105	35505
106	37714
107	39979
108	41885
109	43017
110	43954
111	43994
112	43687
113	43825
114	43649
115	42506
116	40842
117	40167
118	39472
119	36465
120	33034
121	29952
122	28259
123	27064
124	26153
125	25977
126	27083
127	28851
128	31532
129	34486
130	36373
131	38349
132	39728
133	40667
134	41490
135	42197
136	43050
137	43460
138	43227
139	41994
140	40087
141	39422
142	38471
143	35632
144	32727
145	29614
146	27667
147	26332
148	25268
149	24707
150	24872
151	25047
152	26701
153	29561
154	32155
155	34134
156	35315
157	36076
158	36733
159	37274
160	37800
161	38361
162	38368
163	37727
164	36481
165	36553
166	36123
167	34433
168	32100
169	30052
170	28092
171	27190
172	26787
173	26502
174	26667
175	26992
176	27632
177	29647
178	31880
179	33262
180	34009
181	34744
182	35202
183	35552
184	35851
185	36015
186	36090
187	35548
188	35078
189	35791
190	35583
191	33680
192	31066
193	28804
194	27185
195	26173
196	25326
197	25208
198	26189
199	28035
200	30352
201	32681
202	33850
203	34660
204	35639
205	35929
206	36400
207	36852
208	37254
209	37233
210	37040
211	36132
212	34449
213	34388
214	33690
215	30607
216	27537
217	24934
218	23498
219	22638
220	22224
221	22370
222	23746
223	25791
224	28123
225	30326
226	31648
227	33095
228	34228
229	34763
230	35666
231	36465
232	36781
233	36710
234	36241
235	35254
236	34165
237	34591
238	34237
239	31659
240	29316
241	26921
242	25474
243	24726
244	24350
245	24491
246	25863
247	28544
248	31050
249	33962
250	35967
251	37885
252	39799
253	41229
254	42289
255	43350
256	44086
257	44304
258	44150
259	43316
260	41895
261	41591
262	40899
263	37978
264	34496
265	31394
266	29696
267	28418
268	27622
269	27413
270	28796
271	30757
272	33132
273	35973
274	38465
275	40748
276	42730
277	44314
278	45616
279	46420
280	47038
281	47232
282	47177
283	46013
284	44626
285	44539
286	43476
287	40278
288	36862
289	33333
290	31571
291	30583
292	29680
293	29775
294	31014
295	33375
296	36117
297	38785
298	41413
299	43628
300	45883
301	46742
302	47897
303	48479
304	48903
305	48536
306	48076
307	46985
308	45760
309	45707
310	44309
311	41644
312	38425
313	34908
314	31702
315	30251
316	29101
317	28392
318	28542
319	29336
320	30416
321	32706
322	35250
323	37886
324	40017
325	41424
326	42516
327	43209
328	43391
329	42498
330	40784
331	39103
332	37518
333	37058
334	36348
335	34109
336	31819
337	29351
338	27899
339	27750
340	25698
341	25111
342	25112
343	24843
344	25109
345	27819
346	29687
347	31197
348	32239
349	33065
350	33668
351	33885
352	34302
353	34910
354	35100
355	34689
356	34026
357	34797
358	34523
359	32545
360	30167
361	27906
362	26378
363	25523
364	24944
365	25156
366	26506
367	28556
368	30999
369	34147
370	36466
371	38381
372	39718
373	40684
374	41743
375	42643
376	43302
377	43956
378	43962
379	42915
380	41032
381	40588
382	39488
383	36341
384	33166
385	29852
386	28438
387	27420
388	26824
389	27030
390	28572
391	31265
392	33679
393	36460
394	38540
395	40648
396	42688
397	44353
398	46071
399	47289
400	48202
401	48708
402	48546
403	47525
404	45824
405	45725
406	44497
407	40996
408	37277
409	33820
410	31818
411	30631
412	29643
413	29462
414	30454
415	32371
416	34927
417	37977
418	40292
419	42363
420	43929
421	44984
422	45575
423	45805
424	45972
425	46010
426	45535
427	43765
428	41580
429	41458
430	39741
431	36315
432	32897
433	29778
434	27773
435	26734
436	25933
437	25933
438	27083
439	29302
440	31546
441	33779
442	35645
443	37443
444	38924
445	39920
446	40977
447	41447
448	41679
449	42154
450	41876
451	39776
452	38216
453	38485
454	37368
455	34283
456	31789
457	28924
458	27263
459	26306
460	25908
461	25919
462	27006
463	29857
464	31845
465	33548
466	35274
467	36233
468	36843
469	36944
470	37126
471	36960
472	36536
473	35837
474	35274
475	34285
476	33225
477	33466
478	32226
479	29944
480	27376
481	25060
482	23471
483	22969
484	22277
485	22108
486	22374
487	23303
488	24277
489	26051
490	27778
491	29019
492	29293
493	28970
494	28675
495	28346
496	28171
497	28265
498	28244
499	27956
500	27802
501	28744
502	28063
503	26519
504	24814
505	22759
506	21430
507	20855
508	20282
509	19967
510	20073
511	20390
512	21310
513	23185
514	25078
515	26249
516	27181
517	27778
518	27860
519	27927
520	27990
521	28386
522	28546
523	28375
524	28060
525	29174
526	28844
527	27266
528	25032
529	23242
530	22138
531	21499
532	21240
533	21700
534	23182
535	25474
536	28009
537	30508
538	32430
539	33574
540	35394
541	36333
542	37037
543	37644
544	38293
545	38454
546	38203
547	37176
548	35872
549	36564
550	35189
551	32276
552	29562
553	26962
554	25502
555	24606
556	24001
557	24199
558	25776
559	28193
560	30500
561	32809
562	34191
563	35836
564	36905
565	37741
566	38505
567	38935
568	39018
569	38962
570	38512
571	37202
572	36135
573	36751
574	35482
575	32530
576	29710
577	27068
578	25497
579	24534
580	24142
581	24237
582	25883
583	28371
584	30858
585	33460
586	35210
587	36741
588	38183
589	38523
590	38931
591	39097
592	38842
593	38469
594	37717
595	36517
596	36065
597	36580
598	35335
599	32750
600	30129
601	27644
602	26309
603	25567
604	25106
605	25289
606	26923
607	29761
608	32187
609	34339
610	36251
611	37868
612	38855
613	40062
614	40878
615	41511
616	42121
617	42302
618	41582
619	40466
620	39474
621	39182
622	37072
623	34068
624	31348
625	28577
626	26998
627	25885
628	25366
629	25472
630	27115
631	29673
632	31971
633	34538
634	36013
635	37428
636	38837
637	39644
638	40578
639	41189
640	41415
641	41362
642	40662
643	39186
644	37875
645	37908
646	36450
647	33899
648	31243
649	28336
650	26680
651	25451
652	24501
653	24152
654	24635
655	25428
656	26700
657	29446
658	32111
659	34650
660	36283
661	37282
662	38089
663	38674
664	39112
665	39544
666	39410
667	38397
668	37246
669	37577
670	36255
671	33938
672	31270
673	28684
674	26966
675	26563
676	26565
677	26565
678	25693
679	24897
680	25744
681	27827
682	31036
683	33727
684	36022
685	37524
686	38381
687	38772
688	38929
689	38944
690	38458
691	36742
692	34951
693	35185
694	33252
695	30500
696	27421
697	24799
698	23425
699	22576
700	22107
701	22190
702	23707
703	26232
704	28217
705	29744
706	30663
707	31584
708	31836
709	32002
710	32209
711	31975
712	31726
713	31512
714	30969
715	30204
716	30190
717	31369
718	30217
719	27805
720	25013
721	22829
722	21827
723	21273
724	20992
725	21261
726	22771
727	25959
728	28127
729	29502
730	30585
731	31858
732	32297
733	32440
734	32764
735	32790
736	32741
737	32548
738	32028
739	31198
740	31110
741	32143
742	30979
743	28342
744	25493
;  

param p_act :=

1	33.98
2	31.58
3	25.83
4	22.29
5	21.42
6	15.28
7	12.73
8	13.17
9	15.56
10	30.61
11	45.44
12	52.85
13	64.93
14	63.99
15	63.99
16	66.11
17	71.78
18	62.91
19	50.11
20	39.90
21	59.59
22	48.59
23	37.88
24	25.83
25	24.15
26	26.84
27	16.75
28	15.21
29	15.80
30	16.10
31	16.75
32	23.32
33	25.70
34	38.38
35	39.85
36	45.86
37	47.43
38	55.18
39	54.61
40	59.54
41	74.33
42	75.00
43	65.63
44	40.22
45	42.51
46	39.89
47	27.20
48	21.32
49	19.02
50	22.38
51	14.84
52	15.05
53	15.38
54	16.17
55	15.93
56	23.05
57	17.46
58	18.19
59	34.40
60	34.76
61	22.70
62	29.54
63	48.19
64	44.36
65	46.17
66	42.00
67	37.50
68	29.46
69	29.94
70	29.40
71	27.58
72	21.03
73	16.58
74	16.75
75	15.28
76	13.68
77	12.83
78	14.17
79	16.28
80	19.78
81	18.23
82	29.92
83	36.33
84	31.13
85	37.19
86	45.79
87	48.85
88	56.59
89	51.14
90	55.46
91	39.97
92	36.65
93	41.94
94	40.29
95	28.05
96	19.58
97	17.71
98	14.86
99	16.46
100	15.48
101	11.95
102	17.55
103	17.65
104	25.09
105	28.80
106	29.69
107	40.34
108	46.39
109	47.99
110	46.24
111	43.98
112	30.16
113	52.75
114	37.66
115	39.18
116	30.19
117	37.30
118	34.39
119	24.79
120	18.79
121	16.46
122	16.00
123	13.58
124	11.50
125	11.50
126	13.32
127	14.38
128	20.69
129	16.00
130	18.17
131	23.25
132	28.36
133	30.82
134	39.38
135	40.70
136	51.45
137	49.37
138	40.07
139	42.51
140	30.50
141	29.61
142	27.34
143	29.55
144	20.72
145	20.58
146	18.73
147	17.19
148	12.59
149	12.48
150	13.01
151	11.53
152	14.73
153	17.47
154	23.57
155	22.43
156	27.08
157	29.18
158	29.93
159	30.44
160	48.55
161	37.40
162	36.40
163	32.32
164	30.33
165	52.47
166	29.78
167	28.92
168	24.70
169	24.74
170	17.97
171	19.19
172	16.37
173	16.07
174	16.17
175	14.81
176	13.37
177	20.83
178	17.47
179	16.63
180	18.70
181	28.84
182	31.44
183	32.02
184	33.81
185	32.01
186	29.63
187	19.48
188	21.10
189	26.43
190	29.26
191	25.22
192	19.04
193	19.27
194	18.59
195	15.80
196	12.13
197	11.93
198	13.91
199	13.68
200	17.62
201	13.87
202	13.78
203	21.07
204	17.19
205	17.50
206	22.47
207	26.67
208	27.00
209	27.01
210	26.17
211	13.94
212	12.86
213	17.29
214	17.03
215	13.21
216	12.03
217	10.73
218	9.85
219	9.81
220	10.10
221	10.22
222	11.18
223	11.47
224	16.66
225	13.73
226	19.16
227	31.92
228	20.83
229	23.07
230	35.00
231	65.06
232	60.67
233	58.18
234	44.37
235	22.83
236	18.87
237	42.99
238	47.17
239	18.42
240	16.38
241	13.54
242	14.83
243	12.46
244	11.97
245	11.68
246	20.54
247	17.25
248	32.45
249	30.73
250	34.03
251	52.70
252	58.02
253	38.18
254	55.62
255	66.42
256	83.48
257	84.27
258	84.27
259	70.23
260	43.57
261	73.26
262	76.64
263	34.55
264	28.33
265	22.00
266	18.44
267	16.69
268	13.88
269	15.68
270	18.44
271	17.67
272	19.50
273	28.73
274	33.97
275	42.50
276	51.62
277	63.01
278	83.25
279	148.02
280	130.42
281	150.00
282	150.00
283	96.70
284	61.12
285	92.62
286	61.25
287	34.16
288	23.44
289	24.42
290	28.00
291	19.62
292	17.28
293	17.53
294	26.42
295	38.79
296	51.01
297	29.85
298	48.43
299	72.37
300	112.10
301	303.51
302	762.22
303	951.40
304	370.33
305	69.89
306	69.99
307	69.53
308	64.29
309	75.20
310	65.53
311	48.39
312	32.52
313	27.04
314	27.26
315	21.42
316	16.49
317	16.50
318	16.50
319	16.36
320	14.12
321	18.55
322	29.48
323	38.95
324	40.68
325	41.71
326	51.33
327	60.66
328	58.53
329	34.29
330	30.39
331	23.14
332	19.17
333	29.25
334	30.94
335	21.96
336	18.78
337	14.00
338	15.00
339	12.39
340	11.52
341	11.30
342	11.29
343	7.60
344	9.48
345	12.28
346	14.49
347	16.58
348	16.90
349	17.18
350	17.63
351	17.30
352	23.79
353	25.70
354	19.72
355	21.17
356	17.29
357	45.32
358	17.87
359	15.00
360	12.24
361	12.78
362	12.26
363	13.58
364	11.73
365	11.60
366	12.10
367	14.33
368	24.71
369	27.51
370	28.70
371	30.33
372	42.13
373	39.70
374	40.97
375	48.15
376	57.44
377	57.43
378	55.64
379	40.24
380	31.20
381	41.07
382	40.10
383	22.00
384	16.12
385	16.71
386	15.08
387	12.16
388	11.60
389	11.66
390	14.90
391	13.28
392	18.33
393	27.57
394	29.12
395	37.72
396	40.14
397	45.68
398	60.89
399	71.48
400	76.22
401	562.89
402	100.62
403	66.73
404	62.49
405	61.80
406	58.82
407	35.77
408	29.50
409	29.62
410	28.67
411	18.91
412	18.00
413	17.33
414	18.20
415	20.72
416	37.76
417	31.08
418	34.48
419	46.48
420	44.37
421	45.42
422	44.63
423	47.60
424	48.32
425	48.49
426	42.79
427	33.21
428	32.04
429	37.10
430	32.57
431	22.67
432	21.00
433	18.83
434	17.42
435	17.08
436	13.66
437	14.42
438	18.75
439	18.36
440	24.61
441	23.74
442	19.22
443	27.04
444	31.62
445	31.48
446	40.36
447	38.88
448	33.97
449	36.14
450	31.17
451	30.01
452	30.04
453	36.57
454	30.18
455	27.50
456	20.92
457	17.83
458	18.36
459	17.14
460	16.08
461	16.16
462	19.57
463	41.72
464	16.12
465	52.69
466	35.82
467	20.63
468	26.89
469	28.57
470	29.85
471	28.98
472	27.04
473	29.28
474	26.75
475	17.03
476	21.56
477	28.61
478	17.08
479	15.83
480	14.27
481	14.33
482	16.23
483	14.59
484	11.57
485	11.47
486	12.63
487	14.94
488	14.64
489	24.58
490	42.04
491	27.09
492	16.42
493	15.01
494	16.02
495	16.39
496	16.25
497	15.78
498	14.39
499	12.99
500	14.73
501	18.00
502	14.02
503	12.87
504	11.17
505	10.25
506	10.04
507	10.00
508	1.00
509	1.00
510	7.70
511	10.11
512	10.33
513	11.05
514	11.81
515	12.40
516	14.93
517	16.47
518	13.20
519	14.41
520	17.75
521	17.54
522	17.75
523	16.04
524	15.88
525	29.57
526	13.91
527	12.88
528	11.47
529	10.71
530	7.63
531	1.00
532	1.68
533	10.09
534	10.99
535	7.15
536	10.60
537	14.75
538	16.08
539	18.53
540	31.33
541	19.96
542	28.28
543	43.00
544	37.05
545	22.25
546	22.27
547	19.08
548	18.58
549	26.86
550	20.14
551	18.89
552	16.96
553	12.33
554	11.68
555	10.78
556	10.96
557	11.58
558	12.62
559	13.35
560	20.15
561	20.50
562	20.47
563	32.33
564	31.95
565	31.47
566	32.06
567	32.99
568	33.70
569	33.69
570	26.86
571	19.36
572	20.50
573	32.81
574	24.67
575	20.25
576	15.25
577	13.50
578	12.61
579	12.12
580	11.48
581	11.80
582	12.42
583	14.19
584	14.14
585	16.69
586	22.07
587	33.08
588	26.25
589	27.32
590	33.44
591	32.22
592	31.33
593	21.00
594	23.06
595	22.92
596	22.33
597	28.43
598	23.75
599	19.47
600	16.77
601	17.08
602	14.60
603	12.53
604	12.03
605	12.69
606	15.90
607	18.62
608	17.75
609	26.96
610	27.57
611	31.32
612	43.34
613	38.33
614	51.06
615	63.23
616	53.12
617	32.35
618	33.96
619	26.62
620	22.03
621	24.13
622	21.54
623	20.98
624	16.83
625	16.62
626	13.48
627	11.88
628	12.65
629	12.80
630	16.06
631	20.80
632	29.82
633	21.47
634	25.27
635	32.81
636	33.42
637	33.54
638	41.35
639	46.02
640	43.21
641	43.54
642	38.21
643	27.79
644	27.15
645	41.28
646	35.08
647	21.88
648	17.45
649	16.62
650	14.11
651	12.83
652	12.10
653	12.80
654	13.23
655	13.08
656	13.56
657	19.50
658	24.42
659	33.23
660	34.50
661	36.54
662	45.59
663	48.62
664	52.56
665	68.83
666	69.32
667	40.08
668	32.75
669	53.97
670	35.55
671	29.12
672	25.32
673	18.10
674	18.24
675	18.00
676	16.09
677	15.08
678	14.44
679	14.48
680	14.32
681	24.58
682	25.33
683	37.62
684	49.66
685	54.06
686	56.81
687	34.77
688	40.24
689	63.93
690	36.00
691	18.25
692	19.17
693	31.44
694	22.75
695	17.90
696	14.68
697	11.47
698	12.03
699	10.24
700	10.21
701	10.45
702	13.05
703	15.62
704	13.83
705	13.62
706	16.38
707	17.00
708	17.22
709	16.48
710	17.21
711	17.54
712	16.91
713	16.21
714	14.99
715	15.73
716	18.28
717	21.80
718	16.82
719	12.19
720	10.87
721	10.57
722	9.98
723	9.85
724	10.04
725	10.20
726	11.83
727	16.00
728	16.03
729	14.92
730	18.11
731	18.25
732	17.52
733	18.07
734	18.71
735	19.20
736	18.28
737	17.42
738	16.71
739	13.58
740	17.05
741	17.95
742	14.77
743	12.17
744	11.45
;         
         
param b :=

1	860.6577
2	869.264277
3	861.5183577
4	628.7176
5	1092.598
;
     