set     FIRMS :=           GPU     PECO    PPL   PEPCO   PSEG  BGE   DPL   ACE   HOMER  FRINGE ;
set     THERMLINE:=         1, 2,    3, 4, 5;
set     TFIRMS :=          GPU     PECO    PPL   PEPCO   PSEG  BGE   DPL   ACE   HOMER  FRINGE ;

param ST := 			1;
param T := 			744;
param   Tdata :=                744;
param BT :=		199907000;

param firmtype :=   GPU   2   PECO  2  PPL 2  PEPCO 2   PSEG 2 BGE 2  DPL 2  ACE 2 HOMER 2 FRINGE 1;

param contractpct :=   GPU .147  PECO  .088  PPL .099  PEPCO .104   PSEG .17 BGE .112  DPL .06  ACE .043 HOMER 0 FRINGE 0;
 

param maxtherm :    GPU    PECO    PPL   PEPCO   PSEG     BGE   DPL   ACE HOMER  FRINGE      :=
1	4367	1873	2903	1698	2253	1826	869	490	564	1588
2	1021	399	1901	1189	1008	758	1052	149	570	426
3	456	414	118	1197	1207	616	330	188	599	2369
4	418	301	184	1073	722	206	107	112	16	644
5	499	15	0	352	730	265	59	82	0	126
;

param k :    	           GPU    PECO    PPL   PEPCO   PSEG     BGE   DPL   ACE HOMER  FRINGE     :=

1	14.8192	17.4436	16.6209	15.3930	21.3619	14.6024	18.6677	23.8659	15.4652	17.7290
2	20.8050	36.9963	19.6798	17.2177	33.9797	16.3757	21.1330	34.9127	15.4652	27.6580
3	41.3918	50.4486	42.3627	33.0949	38.6358	35.9583	33.4384	44.0880	15.8743	29.6355
4	51.7061	56.9897	60.4733	36.3179	51.7311	43.6949	45.8729	60.4918	15.9633	32.6326
5	59.4633	61.4492	62.6234	55.0509	69.3157	54.7515	61.8808	63.9639	32.4609	42.4091
;

param mc :    	  GPU    PECO    PPL   PEPCO   PSEG     BGE   DPL   ACE HOMER  FRINGE   :=
1	0.00137	0.01044	0.00105	0.00107	0.00560	0.00097	0.00284	0.02254	0.00000	0.00625
2	0.02017	0.03374	0.01193	0.01335	0.00462	0.02583	0.01169	0.06138	0.00072	0.00464
3	0.02260	0.01579	0.15343	0.00269	0.01085	0.01257	0.03771	0.08710	0.00015	0.00126
4	0.01857	0.01479	0.01169	0.01745	0.02436	0.05365	0.14914	0.03099	1.02152	0.01518
5	0.04123	0.21477	0.00000	0.02695	0.07973	0.05305	0.48507	0.08023	0.00000	0.09802
;									

param qmr :	GPU    PECO    PPL   PEPCO   PSEG     BGE   DPL   ACE HOMER  FRINGE     :=

1	1404	4597	1638	0	3163	1470	0	0	0	23
2	1403	4594	1637	0	3163	1470	0	0	0	22
3	1401	4590	1637	0	3163	1470	0	0	0	22
4	1401	4590	1637	0	3163	1470	0	0	0	22
5	1403	4594	1637	0	3163	1470	0	0	0	22
6	1409	4619	1640	0	3163	1470	0	0	0	25
7	1408	4615	1639	0	3163	1470	0	0	0	25
8	1408	4615	1639	0	3163	1470	0	0	0	25
9	1419	4655	1643	0	3163	1470	0	0	0	29
10	1422	4668	1645	0	3163	1470	0	0	0	31
11	1423	4671	1645	0	3163	1470	0	0	0	31
12	1425	4679	1646	0	3163	1470	0	0	0	32
13	1420	4659	1644	0	3163	1470	0	0	0	30
14	1420	4659	1644	0	3163	1470	0	0	0	30
15	1418	4651	1643	0	3163	1470	0	0	0	29
16	1418	4651	1643	0	3163	1470	0	0	0	29
17	1418	4651	1643	0	3163	1470	0	0	0	29
18	1418	4651	1643	0	3163	1470	0	0	0	29
19	1420	4660	1644	0	3163	1470	0	0	0	30
20	1420	4660	1644	0	3163	1470	0	0	0	30
21	1420	4660	1644	0	3163	1470	0	0	0	30
22	1419	4656	1643	0	3163	1470	0	0	0	30
23	1420	4659	1644	0	3163	1470	0	0	0	30
24	1419	4654	1643	0	3163	1470	0	0	0	29
25	1395	4566	1635	0	3163	1470	0	0	0	19
26	1396	4569	1635	0	3163	1470	0	0	0	19
27	1396	4569	1635	0	3163	1470	0	0	0	19
28	1396	4569	1635	0	3163	1470	0	0	0	19
29	1396	4571	1635	0	3163	1470	0	0	0	20
30	1401	4588	1637	0	3163	1470	0	0	0	22
31	1404	4600	1638	0	3163	1470	0	0	0	23
32	1411	4625	1640	0	3163	1470	0	0	0	26
33	1427	4685	1646	0	3163	1470	0	0	0	33
34	1438	4726	1650	0	3163	1470	0	0	0	38
35	1436	4718	1649	0	3163	1470	0	0	0	37
36	1436	4718	1649	0	3163	1470	0	0	0	37
37	1436	4718	1649	0	3163	1470	0	0	0	37
38	1431	4698	1648	0	3163	1470	0	0	0	34
39	1431	4698	1648	0	3163	1470	0	0	0	34
40	1431	4698	1648	0	3163	1470	0	0	0	34
41	1431	4698	1648	0	3163	1470	0	0	0	34
42	1431	4699	1648	0	3163	1470	0	0	0	34
43	1431	4699	1648	0	3163	1470	0	0	0	35
44	1433	4707	1648	0	3163	1470	0	0	0	35
45	1433	4707	1648	0	3163	1470	0	0	0	35
46	1429	4691	1647	0	3163	1470	0	0	0	34
47	1415	4640	1642	0	3163	1470	0	0	0	28
48	1406	4605	1638	0	3163	1470	0	0	0	24
49	1398	4577	1636	0	3163	1470	0	0	0	20
50	1393	4557	1634	0	3163	1470	0	0	0	18
51	1393	4557	1634	0	3163	1470	0	0	0	18
52	1393	4557	1634	0	3163	1470	0	0	0	18
53	1393	4558	1634	0	3163	1470	0	0	0	18
54	1394	4561	1634	0	3163	1470	0	0	0	18
55	1398	4576	1636	0	3163	1470	0	0	0	20
56	1404	4598	1638	0	3163	1470	0	0	0	23
57	1412	4628	1641	0	3163	1470	0	0	0	26
58	1419	4656	1643	0	3163	1470	0	0	0	30
59	1421	4661	1644	0	3163	1470	0	0	0	30
60	1421	4661	1644	0	3163	1470	0	0	0	30
61	1421	4661	1644	0	3163	1470	0	0	0	30
62	1421	4662	1644	0	3163	1470	0	0	0	30
63	1421	4662	1644	0	3163	1470	0	0	0	30
64	1421	4662	1644	0	3163	1470	0	0	0	30
65	1421	4662	1644	0	3163	1470	0	0	0	30
66	1421	4662	1644	0	3163	1470	0	0	0	30
67	1421	4663	1644	0	3163	1470	0	0	0	30
68	1421	4663	1644	0	3163	1470	0	0	0	30
69	1421	4663	1644	0	3163	1470	0	0	0	30
70	1421	4663	1644	0	3163	1470	0	0	0	30
71	1418	4652	1643	0	3163	1470	0	0	0	29
72	1409	4617	1640	0	3163	1470	0	0	0	25
73	1398	4579	1636	0	3163	1470	0	0	0	20
74	1396	4570	1635	0	3163	1470	0	0	0	19
75	1396	4569	1635	0	3163	1470	0	0	0	19
76	1395	4567	1635	0	3163	1470	0	0	0	19
77	1395	4567	1635	0	3163	1470	0	0	0	19
78	1396	4570	1635	0	3163	1470	0	0	0	20
79	1402	4591	1637	0	3163	1470	0	0	0	22
80	1411	4625	1640	0	3163	1470	0	0	0	26
81	1419	4655	1643	0	3163	1470	0	0	0	29
82	1425	4678	1646	0	3163	1470	0	0	0	32
83	1428	4688	1647	0	3163	1470	0	0	0	33
84	1428	4688	1647	0	3163	1470	0	0	0	33
85	1428	4689	1647	0	3163	1470	0	0	0	33
86	1428	4689	1647	0	3163	1470	0	0	0	33
87	1428	4689	1647	0	3163	1470	0	0	0	33
88	1428	4689	1647	0	3163	1470	0	0	0	33
89	1428	4690	1647	0	3163	1470	0	0	0	33
90	1428	4690	1647	0	3163	1470	0	0	0	33
91	1428	4690	1647	0	3163	1470	0	0	0	34
92	1428	4690	1647	0	3163	1470	0	0	0	34
93	1428	4690	1647	0	3163	1470	0	0	0	33
94	1428	4690	1647	0	3163	1470	0	0	0	33
95	1417	4647	1643	0	3163	1470	0	0	0	28
96	1406	4606	1638	0	3163	1470	0	0	0	24
97	1395	4567	1635	0	3163	1470	0	0	0	19
98	1392	4555	1633	0	3163	1470	0	0	0	18
99	1391	4553	1633	0	3163	1470	0	0	0	17
100	1389	4543	1632	0	3163	1470	0	0	0	16
101	1388	4541	1632	0	3163	1470	0	0	0	16
102	1389	4544	1632	0	3163	1470	0	0	0	16
103	1387	4535	1632	0	3163	1470	0	0	0	15
104	1394	4562	1634	0	3163	1470	0	0	0	19
105	1404	4599	1638	0	3163	1470	0	0	0	23
106	1412	4631	1641	0	3163	1470	0	0	0	27
107	1419	4653	1643	0	3163	1470	0	0	0	29
108	1419	4653	1643	0	3163	1470	0	0	0	29
109	1419	4653	1643	0	3163	1470	0	0	0	29
110	1419	4654	1643	0	3163	1470	0	0	0	29
111	1419	4654	1643	0	3163	1470	0	0	0	29
112	1419	4654	1643	0	3163	1470	0	0	0	29
113	1419	4654	1643	0	3163	1470	0	0	0	29
114	1419	4654	1643	0	3163	1470	0	0	0	29
115	1419	4655	1643	0	3163	1470	0	0	0	29
116	1419	4655	1643	0	3163	1470	0	0	0	29
117	1423	4671	1645	0	3163	1470	0	0	0	31
118	1420	4657	1643	0	3163	1470	0	0	0	30
119	1410	4623	1640	0	3163	1470	0	0	0	26
120	1396	4568	1635	0	3163	1470	0	0	0	19
121	1384	4525	1630	0	3163	1470	0	0	0	14
122	1384	4525	1631	0	3163	1470	0	0	0	14
123	1386	4533	1631	0	3163	1470	0	0	0	15
124	1386	4533	1631	0	3163	1470	0	0	0	15
125	1386	4533	1631	0	3163	1470	0	0	0	15
126	1393	4558	1634	0	3163	1470	0	0	0	18
127	1397	4572	1635	0	3163	1470	0	0	0	20
128	1412	4629	1641	0	3163	1470	0	0	0	26
129	1429	4694	1647	0	3163	1470	0	0	0	34
130	1433	4707	1648	0	3163	1470	0	0	0	35
131	1432	4703	1648	0	3163	1470	0	0	0	35
132	1432	4703	1648	0	3163	1470	0	0	0	35
133	1430	4695	1647	0	3163	1470	0	0	0	34
134	1430	4695	1647	0	3163	1470	0	0	0	34
135	1430	4695	1647	0	3163	1470	0	0	0	34
136	1430	4696	1647	0	3163	1470	0	0	0	34
137	1430	4697	1647	0	3163	1470	0	0	0	34
138	1430	4698	1647	0	3163	1470	0	0	0	34
139	1431	4699	1648	0	3163	1470	0	0	0	35
140	1431	4700	1648	0	3163	1470	0	0	0	35
141	1430	4696	1647	0	3163	1470	0	0	0	34
142	1429	4691	1647	0	3163	1470	0	0	0	34
143	1412	4629	1641	0	3163	1470	0	0	0	26
144	1396	4568	1635	0	3163	1470	0	0	0	19
145	1414	4635	1641	0	3163	1470	0	0	0	27
146	1418	4653	1643	0	3163	1470	0	0	0	29
147	1416	4644	1642	0	3163	1470	0	0	0	28
148	1417	4647	1643	0	3163	1470	0	0	0	28
149	1418	4651	1643	0	3163	1470	0	0	0	29
150	1424	4672	1645	0	3163	1470	0	0	0	31
151	1423	4670	1645	0	3163	1470	0	0	0	31
152	1429	4693	1647	0	3163	1470	0	0	0	34
153	1446	4755	1653	0	3163	1470	0	0	0	41
154	1456	4791	1657	0	3163	1470	0	0	0	45
155	1458	4799	1657	0	3163	1470	0	0	0	46
156	1456	4791	1657	0	3163	1470	0	0	0	45
157	1455	4787	1656	0	3163	1470	0	0	0	45
158	1454	4787	1656	0	3163	1470	0	0	0	45
159	1453	4783	1656	0	3163	1470	0	0	0	44
160	1454	4784	1656	0	3163	1470	0	0	0	44
161	1454	4784	1656	0	3163	1470	0	0	0	44
162	1454	4785	1656	0	3163	1470	0	0	0	45
163	1455	4787	1656	0	3163	1470	0	0	0	45
164	1455	4789	1656	0	3163	1470	0	0	0	45
165	1456	4793	1657	0	3163	1470	0	0	0	46
166	1450	4772	1655	0	3163	1470	0	0	0	43
167	1434	4710	1649	0	3163	1470	0	0	0	36
168	1428	4689	1647	0	3163	1470	0	0	0	33
169	1413	4634	1641	0	3163	1470	0	0	0	27
170	1409	4618	1640	0	3163	1470	0	0	0	25
171	1409	4618	1640	0	3163	1470	0	0	0	25
172	1409	4618	1640	0	3163	1470	0	0	0	25
173	1409	4618	1640	0	3163	1470	0	0	0	25
174	1411	4625	1640	0	3163	1470	0	0	0	26
175	1410	4620	1640	0	3163	1470	0	0	0	25
176	1406	4608	1639	0	3163	1470	0	0	0	24
177	1420	4660	1644	0	3163	1470	0	0	0	30
178	1426	4680	1646	0	3163	1470	0	0	0	32
179	1426	4679	1646	0	3163	1470	0	0	0	32
180	1426	4680	1646	0	3163	1470	0	0	0	32
181	1426	4680	1646	0	3163	1470	0	0	0	32
182	1425	4679	1646	0	3163	1470	0	0	0	32
183	1426	4679	1646	0	3163	1470	0	0	0	32
184	1426	4679	1646	0	3163	1470	0	0	0	32
185	1426	4680	1646	0	3163	1470	0	0	0	32
186	1426	4680	1646	0	3163	1470	0	0	0	32
187	1426	4681	1646	0	3163	1470	0	0	0	32
188	1426	4682	1646	0	3163	1470	0	0	0	33
189	1426	4682	1646	0	3163	1470	0	0	0	33
190	1425	4678	1646	0	3163	1470	0	0	0	32
191	1413	4631	1641	0	3163	1470	0	0	0	27
192	1413	4632	1641	0	3163	1470	0	0	0	27
193	1389	4545	1633	0	3163	1470	0	0	0	17
194	1385	4528	1631	0	3163	1470	0	0	0	15
195	1385	4528	1631	0	3163	1470	0	0	0	15
196	1385	4528	1631	0	3163	1470	0	0	0	15
197	1385	4529	1631	0	3163	1470	0	0	0	15
198	1388	4540	1632	0	3163	1470	0	0	0	16
199	1390	4548	1633	0	3163	1470	0	0	0	17
200	1396	4570	1635	0	3163	1470	0	0	0	20
201	1403	4596	1637	0	3163	1470	0	0	0	23
202	1406	4607	1639	0	3163	1470	0	0	0	24
203	1413	4632	1641	0	3163	1470	0	0	0	27
204	1415	4640	1642	0	3163	1470	0	0	0	28
205	1412	4630	1641	0	3163	1470	0	0	0	26
206	1412	4630	1641	0	3163	1470	0	0	0	26
207	1412	4630	1641	0	3163	1470	0	0	0	26
208	1412	4630	1641	0	3163	1470	0	0	0	26
209	1412	4630	1641	0	3163	1470	0	0	0	26
210	1412	4630	1641	0	3163	1470	0	0	0	26
211	1412	4631	1641	0	3163	1470	0	0	0	27
212	1413	4631	1641	0	3163	1470	0	0	0	27
213	1412	4627	1641	0	3163	1470	0	0	0	26
214	1410	4620	1640	0	3163	1470	0	0	0	25
215	1396	4570	1635	0	3163	1470	0	0	0	20
216	1393	4559	1634	0	3163	1470	0	0	0	18
217	1385	4530	1631	0	3163	1470	0	0	0	15
218	1387	4536	1632	0	3163	1470	0	0	0	16
219	1387	4536	1632	0	3163	1470	0	0	0	16
220	1387	4536	1632	0	3163	1470	0	0	0	16
221	1387	4536	1632	0	3163	1470	0	0	0	16
222	1390	4547	1633	0	3163	1470	0	0	0	17
223	1393	4559	1634	0	3163	1470	0	0	0	18
224	1398	4578	1636	0	3163	1470	0	0	0	20
225	1408	4615	1639	0	3163	1470	0	0	0	25
226	1416	4642	1642	0	3163	1470	0	0	0	28
227	1421	4662	1644	0	3163	1470	0	0	0	30
228	1424	4672	1645	0	3163	1470	0	0	0	31
229	1424	4672	1645	0	3163	1470	0	0	0	31
230	1424	4673	1645	0	3163	1470	0	0	0	32
231	1424	4673	1645	0	3163	1470	0	0	0	32
232	1424	4673	1645	0	3163	1470	0	0	0	32
233	1424	4673	1645	0	3163	1470	0	0	0	32
234	1424	4673	1645	0	3163	1470	0	0	0	32
235	1424	4673	1645	0	3163	1470	0	0	0	32
236	1422	4665	1644	0	3163	1470	0	0	0	31
237	1422	4665	1644	0	3163	1470	0	0	0	31
238	1418	4650	1643	0	3163	1470	0	0	0	29
239	1402	4593	1637	0	3163	1470	0	0	0	22
240	1397	4573	1635	0	3163	1470	0	0	0	20
241	1388	4540	1632	0	3163	1470	0	0	0	16
242	1385	4529	1631	0	3163	1470	0	0	0	15
243	1384	4523	1630	0	3163	1470	0	0	0	14
244	1384	4523	1630	0	3163	1470	0	0	0	14
245	1384	4523	1630	0	3163	1470	0	0	0	14
246	1384	4524	1630	0	3163	1470	0	0	0	14
247	1388	4540	1632	0	3163	1470	0	0	0	16
248	1395	4565	1634	0	3163	1470	0	0	0	19
249	1406	4606	1638	0	3163	1470	0	0	0	24
250	1408	4613	1639	0	3163	1470	0	0	0	25
251	1408	4615	1639	0	3163	1470	0	0	0	25
252	1409	4617	1640	0	3163	1470	0	0	0	25
253	1409	4617	1640	0	3163	1470	0	0	0	25
254	1409	4619	1640	0	3163	1470	0	0	0	25
255	1410	4622	1640	0	3163	1470	0	0	0	26
256	1411	4625	1640	0	3163	1470	0	0	0	26
257	1412	4628	1641	0	3163	1470	0	0	0	26
258	1412	4628	1641	0	3163	1470	0	0	0	26
259	1412	4628	1641	0	3163	1470	0	0	0	26
260	1411	4627	1641	0	3163	1470	0	0	0	26
261	1410	4623	1640	0	3163	1470	0	0	0	26
262	1409	4620	1640	0	3163	1470	0	0	0	25
263	1400	4583	1636	0	3163	1470	0	0	0	21
264	1392	4555	1633	0	3163	1470	0	0	0	18
265	1397	4575	1635	0	3163	1470	0	0	0	20
266	1394	4562	1634	0	3163	1470	0	0	0	19
267	1393	4558	1634	0	3163	1470	0	0	0	18
268	1393	4558	1634	0	3163	1470	0	0	0	18
269	1393	4559	1634	0	3163	1470	0	0	0	18
270	1396	4570	1635	0	3163	1470	0	0	0	20
271	1407	4611	1639	0	3163	1470	0	0	0	24
272	1410	4622	1640	0	3163	1470	0	0	0	26
273	1426	4681	1646	0	3163	1470	0	0	0	32
274	1432	4702	1648	0	3163	1470	0	0	0	35
275	1431	4700	1648	0	3163	1470	0	0	0	35
276	1431	4700	1648	0	3163	1470	0	0	0	35
277	1431	4700	1648	0	3163	1470	0	0	0	35
278	1431	4700	1648	0	3163	1470	0	0	0	35
279	1431	4700	1648	0	3163	1470	0	0	0	35
280	1431	4700	1648	0	3163	1470	0	0	0	35
281	1431	4700	1648	0	3163	1470	0	0	0	35
282	1431	4701	1648	0	3163	1470	0	0	0	35
283	1431	4701	1648	0	3163	1470	0	0	0	35
284	1432	4702	1648	0	3163	1470	0	0	0	35
285	1432	4702	1648	0	3163	1470	0	0	0	35
286	1431	4698	1648	0	3163	1470	0	0	0	34
287	1416	4642	1642	0	3163	1470	0	0	0	28
288	1410	4622	1640	0	3163	1470	0	0	0	26
289	1387	4536	1632	0	3163	1470	0	0	0	16
290	1384	4524	1630	0	3163	1470	0	0	0	14
291	1378	4504	1628	0	3163	1470	0	0	0	12
292	1377	4499	1628	0	3163	1470	0	0	0	11
293	1377	4499	1628	0	3163	1470	0	0	0	11
294	1377	4499	1628	0	3163	1470	0	0	0	11
295	1382	4519	1630	0	3163	1470	0	0	0	14
296	1398	4576	1636	0	3163	1470	0	0	0	20
297	1408	4613	1639	0	3163	1470	0	0	0	24
298	1410	4623	1640	0	3163	1470	0	0	0	26
299	1413	4634	1641	0	3163	1470	0	0	0	27
300	1414	4637	1642	0	3163	1470	0	0	0	27
301	1414	4637	1642	0	3163	1470	0	0	0	27
302	1414	4637	1642	0	3163	1470	0	0	0	27
303	1414	4637	1642	0	3163	1470	0	0	0	27
304	1414	4637	1642	0	3163	1470	0	0	0	27
305	1414	4638	1642	0	3163	1470	0	0	0	27
306	1414	4638	1642	0	3163	1470	0	0	0	27
307	1415	4639	1642	0	3163	1470	0	0	0	28
308	1415	4639	1642	0	3163	1470	0	0	0	28
309	1415	4639	1642	0	3163	1470	0	0	0	28
310	1415	4640	1642	0	3163	1470	0	0	0	28
311	1405	4603	1638	0	3163	1470	0	0	0	23
312	1388	4539	1632	0	3163	1470	0	0	0	16
313	1379	4507	1629	0	3163	1470	0	0	0	12
314	1377	4501	1628	0	3163	1470	0	0	0	11
315	1376	4497	1628	0	3163	1470	0	0	0	11
316	1376	4497	1628	0	3163	1470	0	0	0	11
317	1376	4497	1628	0	3163	1470	0	0	0	11
318	1377	4498	1628	0	3163	1470	0	0	0	11
319	1384	4526	1631	0	3163	1470	0	0	0	14
320	1392	4554	1633	0	3163	1470	0	0	0	18
321	1403	4595	1637	0	3163	1470	0	0	0	22
322	1406	4608	1639	0	3163	1470	0	0	0	24
323	1410	4620	1640	0	3163	1470	0	0	0	25
324	1410	4620	1640	0	3163	1470	0	0	0	25
325	1410	4620	1640	0	3163	1470	0	0	0	25
326	1410	4620	1640	0	3163	1470	0	0	0	25
327	1410	4620	1640	0	3163	1470	0	0	0	25
328	1410	4620	1640	0	3163	1470	0	0	0	25
329	1410	4620	1640	0	3163	1470	0	0	0	25
330	1410	4621	1640	0	3163	1470	0	0	0	25
331	1409	4617	1640	0	3163	1470	0	0	0	25
332	1409	4618	1640	0	3163	1470	0	0	0	25
333	1409	4618	1640	0	3163	1470	0	0	0	25
334	1407	4611	1639	0	3163	1470	0	0	0	24
335	1390	4546	1633	0	3163	1470	0	0	0	17
336	1378	4502	1628	0	3163	1470	0	0	0	12
337	1377	4500	1628	0	3163	1470	0	0	0	11
338	1377	4500	1628	0	3163	1470	0	0	0	11
339	1377	4500	1628	0	3163	1470	0	0	0	11
340	1377	4500	1628	0	3163	1470	0	0	0	11
341	1377	4500	1628	0	3163	1470	0	0	0	11
342	1382	4518	1630	0	3163	1470	0	0	0	13
343	1389	4545	1632	0	3163	1470	0	0	0	17
344	1387	4535	1632	0	3163	1470	0	0	0	15
345	1400	4583	1636	0	3163	1470	0	0	0	21
346	1400	4583	1636	0	3163	1470	0	0	0	21
347	1402	4591	1637	0	3163	1470	0	0	0	22
348	1402	4590	1637	0	3163	1470	0	0	0	22
349	1402	4590	1637	0	3163	1470	0	0	0	22
350	1402	4590	1637	0	3163	1470	0	0	0	22
351	1402	4590	1637	0	3163	1470	0	0	0	22
352	1402	4590	1637	0	3163	1470	0	0	0	22
353	1402	4591	1637	0	3163	1470	0	0	0	22
354	1402	4592	1637	0	3163	1470	0	0	0	22
355	1402	4593	1637	0	3163	1470	0	0	0	22
356	1402	4593	1637	0	3163	1470	0	0	0	22
357	1402	4592	1637	0	3163	1470	0	0	0	22
358	1401	4588	1637	0	3163	1470	0	0	0	22
359	1383	4523	1630	0	3163	1470	0	0	0	14
360	1385	4528	1631	0	3163	1470	0	0	0	15
361	1380	4508	1629	0	3163	1470	0	0	0	12
362	1379	4505	1629	0	3163	1470	0	0	0	12
363	1378	4501	1628	0	3163	1470	0	0	0	11
364	1377	4500	1628	0	3163	1470	0	0	0	11
365	1379	4508	1629	0	3163	1470	0	0	0	12
366	1386	4534	1631	0	3163	1470	0	0	0	15
367	1392	4556	1634	0	3163	1470	0	0	0	18
368	1414	4636	1641	0	3163	1470	0	0	0	27
369	1434	4712	1649	0	3163	1470	0	0	0	36
370	1449	4765	1654	0	3163	1470	0	0	0	42
371	1454	4787	1656	0	3163	1470	0	0	0	45
372	1454	4787	1656	0	3163	1470	0	0	0	45
373	1449	4767	1654	0	3163	1470	0	0	0	42
374	1449	4766	1654	0	3163	1470	0	0	0	42
375	1449	4767	1654	0	3163	1470	0	0	0	42
376	1449	4767	1654	0	3163	1470	0	0	0	42
377	1450	4769	1654	0	3163	1470	0	0	0	43
378	1450	4770	1655	0	3163	1470	0	0	0	43
379	1450	4772	1655	0	3163	1470	0	0	0	43
380	1451	4772	1655	0	3163	1470	0	0	0	43
381	1450	4771	1655	0	3163	1470	0	0	0	43
382	1445	4750	1653	0	3163	1470	0	0	0	40
383	1425	4676	1645	0	3163	1470	0	0	0	32
384	1403	4595	1637	0	3163	1470	0	0	0	22
385	1396	4570	1635	0	3163	1470	0	0	0	20
386	1397	4572	1635	0	3163	1470	0	0	0	20
387	1397	4572	1635	0	3163	1470	0	0	0	20
388	1397	4572	1635	0	3163	1470	0	0	0	20
389	1397	4572	1635	0	3163	1470	0	0	0	20
390	1397	4575	1635	0	3163	1470	0	0	0	20
391	1401	4588	1637	0	3163	1470	0	0	0	22
392	1410	4621	1640	0	3163	1470	0	0	0	25
393	1428	4687	1646	0	3163	1470	0	0	0	33
394	1444	4750	1653	0	3163	1470	0	0	0	40
395	1450	4771	1655	0	3163	1470	0	0	0	43
396	1460	4806	1658	0	3163	1470	0	0	0	47
397	1460	4808	1658	0	3163	1470	0	0	0	47
398	1460	4808	1658	0	3163	1470	0	0	0	47
399	1460	4808	1658	0	3163	1470	0	0	0	47
400	1460	4808	1658	0	3163	1470	0	0	0	47
401	1459	4804	1658	0	3163	1470	0	0	0	47
402	1459	4804	1658	0	3163	1470	0	0	0	47
403	1459	4804	1658	0	3163	1470	0	0	0	47
404	1459	4805	1658	0	3163	1470	0	0	0	47
405	1459	4805	1658	0	3163	1470	0	0	0	47
406	1450	4771	1655	0	3163	1470	0	0	0	43
407	1430	4696	1647	0	3163	1470	0	0	0	34
408	1411	4624	1640	0	3163	1470	0	0	0	26
409	1399	4582	1636	0	3163	1470	0	0	0	21
410	1394	4561	1634	0	3163	1470	0	0	0	18
411	1390	4546	1633	0	3163	1470	0	0	0	17
412	1390	4546	1633	0	3163	1470	0	0	0	17
413	1390	4546	1633	0	3163	1470	0	0	0	17
414	1396	4569	1635	0	3163	1470	0	0	0	19
415	1400	4586	1637	0	3163	1470	0	0	0	21
416	1411	4627	1641	0	3163	1470	0	0	0	26
417	1432	4702	1648	0	3163	1470	0	0	0	35
418	1445	4753	1653	0	3163	1470	0	0	0	41
419	1453	4782	1656	0	3163	1470	0	0	0	44
420	1461	4812	1659	0	3163	1470	0	0	0	48
421	1461	4812	1659	0	3163	1470	0	0	0	48
422	1461	4812	1659	0	3163	1470	0	0	0	48
423	1461	4812	1659	0	3163	1470	0	0	0	48
424	1461	4812	1659	0	3163	1470	0	0	0	48
425	1461	4812	1659	0	3163	1470	0	0	0	48
426	1461	4812	1659	0	3163	1470	0	0	0	48
427	1461	4813	1659	0	3163	1470	0	0	0	48
428	1462	4813	1659	0	3163	1470	0	0	0	48
429	1462	4814	1659	0	3163	1470	0	0	0	48
430	1449	4768	1654	0	3163	1470	0	0	0	43
431	1428	4688	1647	0	3163	1470	0	0	0	33
432	1413	4631	1641	0	3163	1470	0	0	0	27
433	1390	4548	1633	0	3163	1470	0	0	0	17
434	1389	4544	1632	0	3163	1470	0	0	0	16
435	1389	4544	1632	0	3163	1470	0	0	0	16
436	1389	4544	1632	0	3163	1470	0	0	0	16
437	1390	4546	1633	0	3163	1470	0	0	0	17
438	1390	4548	1633	0	3163	1470	0	0	0	17
439	1396	4570	1635	0	3163	1470	0	0	0	20
440	1413	4634	1641	0	3163	1470	0	0	0	27
441	1429	4693	1647	0	3163	1470	0	0	0	34
442	1442	4741	1652	0	3163	1470	0	0	0	39
443	1442	4740	1652	0	3163	1470	0	0	0	39
444	1442	4740	1652	0	3163	1470	0	0	0	39
445	1442	4740	1652	0	3163	1470	0	0	0	39
446	1440	4732	1651	0	3163	1470	0	0	0	38
447	1440	4732	1651	0	3163	1470	0	0	0	38
448	1440	4732	1651	0	3163	1470	0	0	0	38
449	1440	4733	1651	0	3163	1470	0	0	0	38
450	1440	4734	1651	0	3163	1470	0	0	0	39
451	1441	4735	1651	0	3163	1470	0	0	0	39
452	1441	4736	1651	0	3163	1470	0	0	0	39
453	1441	4737	1651	0	3163	1470	0	0	0	39
454	1433	4708	1648	0	3163	1470	0	0	0	36
455	1421	4662	1644	0	3163	1470	0	0	0	30
456	1403	4596	1638	0	3163	1470	0	0	0	23
457	1392	4554	1633	0	3163	1470	0	0	0	18
458	1391	4550	1633	0	3163	1470	0	0	0	17
459	1391	4550	1633	0	3163	1470	0	0	0	17
460	1391	4550	1633	0	3163	1470	0	0	0	17
461	1391	4551	1633	0	3163	1470	0	0	0	17
462	1393	4558	1634	0	3163	1470	0	0	0	18
463	1396	4570	1635	0	3163	1470	0	0	0	20
464	1400	4584	1636	0	3163	1470	0	0	0	21
465	1418	4651	1643	0	3163	1470	0	0	0	29
466	1431	4700	1648	0	3163	1470	0	0	0	35
467	1434	4710	1649	0	3163	1470	0	0	0	36
468	1434	4709	1649	0	3163	1470	0	0	0	36
469	1434	4709	1649	0	3163	1470	0	0	0	36
470	1426	4681	1646	0	3163	1470	0	0	0	32
471	1426	4680	1646	0	3163	1470	0	0	0	32
472	1426	4681	1646	0	3163	1470	0	0	0	32
473	1426	4681	1646	0	3163	1470	0	0	0	32
474	1426	4682	1646	0	3163	1470	0	0	0	33
475	1426	4682	1646	0	3163	1470	0	0	0	33
476	1430	4695	1647	0	3163	1470	0	0	0	34
477	1427	4686	1646	0	3163	1470	0	0	0	33
478	1413	4634	1641	0	3163	1470	0	0	0	27
479	1398	4577	1636	0	3163	1470	0	0	0	20
480	1392	4556	1634	0	3163	1470	0	0	0	18
481	1388	4538	1632	0	3163	1470	0	0	0	16
482	1388	4538	1632	0	3163	1470	0	0	0	16
483	1388	4539	1632	0	3163	1470	0	0	0	16
484	1388	4539	1632	0	3163	1470	0	0	0	16
485	1388	4541	1632	0	3163	1470	0	0	0	16
486	1389	4543	1632	0	3163	1470	0	0	0	16
487	1389	4545	1632	0	3163	1470	0	0	0	17
488	1398	4578	1636	0	3163	1470	0	0	0	20
489	1416	4643	1642	0	3163	1470	0	0	0	28
490	1426	4680	1646	0	3163	1470	0	0	0	32
491	1431	4699	1648	0	3163	1470	0	0	0	35
492	1431	4699	1648	0	3163	1470	0	0	0	35
493	1427	4683	1646	0	3163	1470	0	0	0	33
494	1422	4667	1644	0	3163	1470	0	0	0	31
495	1421	4663	1644	0	3163	1470	0	0	0	30
496	1421	4663	1644	0	3163	1470	0	0	0	30
497	1421	4664	1644	0	3163	1470	0	0	0	30
498	1422	4664	1644	0	3163	1470	0	0	0	30
499	1422	4665	1644	0	3163	1470	0	0	0	31
500	1423	4669	1645	0	3163	1470	0	0	0	31
501	1423	4669	1645	0	3163	1470	0	0	0	31
502	1415	4640	1642	0	3163	1470	0	0	0	28
503	1392	4555	1633	0	3163	1470	0	0	0	18
504	1386	4531	1631	0	3163	1470	0	0	0	15
505	1393	4560	1634	0	3163	1470	0	0	0	18
506	1392	4555	1633	0	3163	1470	0	0	0	18
507	1392	4554	1633	0	3163	1470	0	0	0	18
508	1392	4554	1633	0	3163	1470	0	0	0	18
509	1392	4556	1634	0	3163	1470	0	0	0	18
510	1397	4575	1635	0	3163	1470	0	0	0	20
511	1400	4583	1636	0	3163	1470	0	0	0	21
512	1410	4623	1640	0	3163	1470	0	0	0	26
513	1436	4717	1649	0	3163	1470	0	0	0	37
514	1439	4728	1650	0	3163	1470	0	0	0	38
515	1441	4736	1651	0	3163	1470	0	0	0	39
516	1439	4731	1651	0	3163	1470	0	0	0	38
517	1436	4719	1650	0	3163	1470	0	0	0	37
518	1431	4699	1648	0	3163	1470	0	0	0	35
519	1431	4699	1648	0	3163	1470	0	0	0	34
520	1431	4699	1648	0	3163	1470	0	0	0	35
521	1431	4700	1648	0	3163	1470	0	0	0	35
522	1431	4700	1648	0	3163	1470	0	0	0	35
523	1431	4701	1648	0	3163	1470	0	0	0	35
524	1432	4702	1648	0	3163	1470	0	0	0	35
525	1438	4725	1650	0	3163	1470	0	0	0	38
526	1425	4676	1645	0	3163	1470	0	0	0	32
527	1402	4592	1637	0	3163	1470	0	0	0	22
528	1394	4564	1634	0	3163	1470	0	0	0	19
529	1385	4530	1631	0	3163	1470	0	0	0	15
530	1385	4527	1631	0	3163	1470	0	0	0	15
531	1384	4524	1630	0	3163	1470	0	0	0	14
532	1383	4521	1630	0	3163	1470	0	0	0	14
533	1383	4523	1630	0	3163	1470	0	0	0	14
534	1387	4536	1632	0	3163	1470	0	0	0	16
535	1398	4578	1636	0	3163	1470	0	0	0	20
536	1400	4585	1636	0	3163	1470	0	0	0	21
537	1421	4662	1644	0	3163	1470	0	0	0	30
538	1438	4727	1650	0	3163	1470	0	0	0	38
539	1438	4726	1650	0	3163	1470	0	0	0	38
540	1438	4726	1650	0	3163	1470	0	0	0	38
541	1438	4726	1650	0	3163	1470	0	0	0	38
542	1438	4725	1650	0	3163	1470	0	0	0	38
543	1438	4726	1650	0	3163	1470	0	0	0	38
544	1438	4726	1650	0	3163	1470	0	0	0	38
545	1438	4726	1650	0	3163	1470	0	0	0	38
546	1438	4727	1650	0	3163	1470	0	0	0	38
547	1438	4727	1650	0	3163	1470	0	0	0	38
548	1439	4728	1650	0	3163	1470	0	0	0	38
549	1435	4716	1649	0	3163	1470	0	0	0	36
550	1429	4691	1647	0	3163	1470	0	0	0	34
551	1404	4599	1638	0	3163	1470	0	0	0	23
552	1398	4575	1635	0	3163	1470	0	0	0	20
553	1388	4539	1632	0	3163	1470	0	0	0	16
554	1387	4536	1632	0	3163	1470	0	0	0	16
555	1387	4536	1632	0	3163	1470	0	0	0	16
556	1387	4536	1632	0	3163	1470	0	0	0	16
557	1387	4536	1632	0	3163	1470	0	0	0	16
558	1388	4541	1632	0	3163	1470	0	0	0	16
559	1392	4556	1634	0	3163	1470	0	0	0	18
560	1391	4552	1633	0	3163	1470	0	0	0	17
561	1406	4606	1638	0	3163	1470	0	0	0	24
562	1416	4644	1642	0	3163	1470	0	0	0	28
563	1417	4647	1642	0	3163	1470	0	0	0	28
564	1417	4646	1642	0	3163	1470	0	0	0	28
565	1415	4641	1642	0	3163	1470	0	0	0	28
566	1415	4641	1642	0	3163	1470	0	0	0	28
567	1415	4641	1642	0	3163	1470	0	0	0	28
568	1415	4641	1642	0	3163	1470	0	0	0	28
569	1415	4641	1642	0	3163	1470	0	0	0	28
570	1415	4641	1642	0	3163	1470	0	0	0	28
571	1415	4642	1642	0	3163	1470	0	0	0	28
572	1414	4637	1642	0	3163	1470	0	0	0	27
573	1414	4638	1642	0	3163	1470	0	0	0	27
574	1412	4630	1641	0	3163	1470	0	0	0	26
575	1399	4582	1636	0	3163	1470	0	0	0	21
576	1399	4580	1636	0	3163	1470	0	0	0	21
577	1387	4536	1632	0	3163	1470	0	0	0	15
578	1387	4535	1632	0	3163	1470	0	0	0	15
579	1387	4535	1632	0	3163	1470	0	0	0	15
580	1387	4535	1632	0	3163	1470	0	0	0	15
581	1387	4535	1632	0	3163	1470	0	0	0	15
582	1388	4540	1632	0	3163	1470	0	0	0	16
583	1392	4555	1633	0	3163	1470	0	0	0	18
584	1399	4579	1636	0	3163	1470	0	0	0	21
585	1413	4633	1641	0	3163	1470	0	0	0	27
586	1427	4684	1646	0	3163	1470	0	0	0	33
587	1427	4684	1646	0	3163	1470	0	0	0	33
588	1427	4684	1646	0	3163	1470	0	0	0	33
589	1426	4682	1646	0	3163	1470	0	0	0	33
590	1425	4677	1645	0	3163	1470	0	0	0	32
591	1425	4678	1646	0	3163	1470	0	0	0	32
592	1425	4678	1646	0	3163	1470	0	0	0	32
593	1425	4678	1646	0	3163	1470	0	0	0	32
594	1425	4678	1646	0	3163	1470	0	0	0	32
595	1425	4679	1646	0	3163	1470	0	0	0	32
596	1424	4674	1645	0	3163	1470	0	0	0	32
597	1424	4675	1645	0	3163	1470	0	0	0	32
598	1422	4664	1644	0	3163	1470	0	0	0	30
599	1407	4609	1639	0	3163	1470	0	0	0	24
600	1399	4580	1636	0	3163	1470	0	0	0	21
601	1390	4549	1633	0	3163	1470	0	0	0	17
602	1387	4535	1632	0	3163	1470	0	0	0	15
603	1387	4535	1632	0	3163	1470	0	0	0	15
604	1387	4535	1632	0	3163	1470	0	0	0	15
605	1387	4537	1632	0	3163	1470	0	0	0	16
606	1392	4554	1633	0	3163	1470	0	0	0	18
607	1407	4610	1639	0	3163	1470	0	0	0	24
608	1409	4618	1640	0	3163	1470	0	0	0	25
609	1427	4684	1646	0	3163	1470	0	0	0	33
610	1444	4750	1653	0	3163	1470	0	0	0	40
611	1437	4723	1650	0	3163	1470	0	0	0	37
612	1435	4716	1649	0	3163	1470	0	0	0	36
613	1435	4714	1649	0	3163	1470	0	0	0	36
614	1435	4714	1649	0	3163	1470	0	0	0	36
615	1435	4714	1649	0	3163	1470	0	0	0	36
616	1435	4714	1649	0	3163	1470	0	0	0	36
617	1435	4715	1649	0	3163	1470	0	0	0	36
618	1435	4715	1649	0	3163	1470	0	0	0	36
619	1435	4716	1649	0	3163	1470	0	0	0	36
620	1435	4716	1649	0	3163	1470	0	0	0	36
621	1438	4724	1650	0	3163	1470	0	0	0	37
622	1429	4691	1647	0	3163	1470	0	0	0	34
623	1408	4616	1639	0	3163	1470	0	0	0	25
624	1406	4607	1639	0	3163	1470	0	0	0	24
625	1393	4560	1634	0	3163	1470	0	0	0	18
626	1392	4553	1633	0	3163	1470	0	0	0	18
627	1392	4553	1633	0	3163	1470	0	0	0	18
628	1392	4554	1633	0	3163	1470	0	0	0	18
629	1394	4563	1634	0	3163	1470	0	0	0	19
630	1396	4570	1635	0	3163	1470	0	0	0	19
631	1406	4608	1639	0	3163	1470	0	0	0	24
632	1415	4640	1642	0	3163	1470	0	0	0	28
633	1430	4697	1647	0	3163	1470	0	0	0	34
634	1436	4717	1649	0	3163	1470	0	0	0	37
635	1432	4705	1648	0	3163	1470	0	0	0	35
636	1431	4700	1648	0	3163	1470	0	0	0	35
637	1431	4700	1648	0	3163	1470	0	0	0	35
638	1431	4700	1648	0	3163	1470	0	0	0	35
639	1431	4700	1648	0	3163	1470	0	0	0	35
640	1431	4700	1648	0	3163	1470	0	0	0	35
641	1431	4700	1648	0	3163	1470	0	0	0	35
642	1431	4701	1648	0	3163	1470	0	0	0	35
643	1429	4693	1647	0	3163	1470	0	0	0	34
644	1429	4693	1647	0	3163	1470	0	0	0	34
645	1429	4692	1647	0	3163	1470	0	0	0	34
646	1422	4666	1644	0	3163	1470	0	0	0	31
647	1406	4605	1638	0	3163	1470	0	0	0	24
648	1394	4560	1634	0	3163	1470	0	0	0	18
649	1392	4555	1633	0	3163	1470	0	0	0	18
650	1390	4546	1633	0	3163	1470	0	0	0	17
651	1390	4546	1633	0	3163	1470	0	0	0	17
652	1390	4546	1633	0	3163	1470	0	0	0	17
653	1390	4548	1633	0	3163	1470	0	0	0	17
654	1396	4568	1635	0	3163	1470	0	0	0	19
655	1404	4599	1638	0	3163	1470	0	0	0	23
656	1415	4641	1642	0	3163	1470	0	0	0	28
657	1431	4698	1648	0	3163	1470	0	0	0	34
658	1440	4735	1651	0	3163	1470	0	0	0	39
659	1438	4727	1650	0	3163	1470	0	0	0	38
660	1438	4727	1650	0	3163	1470	0	0	0	38
661	1438	4727	1650	0	3163	1470	0	0	0	38
662	1436	4719	1650	0	3163	1470	0	0	0	37
663	1435	4715	1649	0	3163	1470	0	0	0	36
664	1435	4715	1649	0	3163	1470	0	0	0	36
665	1435	4714	1649	0	3163	1470	0	0	0	36
666	1435	4715	1649	0	3163	1470	0	0	0	36
667	1434	4711	1649	0	3163	1470	0	0	0	36
668	1434	4712	1649	0	3163	1470	0	0	0	36
669	1434	4712	1649	0	3163	1470	0	0	0	36
670	1431	4699	1648	0	3163	1470	0	0	0	35
671	1413	4634	1641	0	3163	1470	0	0	0	27
672	1398	4578	1636	0	3163	1470	0	0	0	20
673	1392	4554	1633	0	3163	1470	0	0	0	18
674	1389	4542	1632	0	3163	1470	0	0	0	16
675	1389	4542	1632	0	3163	1470	0	0	0	16
676	1389	4542	1632	0	3163	1470	0	0	0	16
677	1389	4544	1632	0	3163	1470	0	0	0	16
678	1393	4559	1634	0	3163	1470	0	0	0	18
679	1394	4563	1634	0	3163	1470	0	0	0	19
680	1409	4620	1640	0	3163	1470	0	0	0	25
681	1420	4660	1644	0	3163	1470	0	0	0	30
682	1432	4705	1648	0	3163	1470	0	0	0	35
683	1432	4705	1648	0	3163	1470	0	0	0	35
684	1432	4705	1648	0	3163	1470	0	0	0	35
685	1432	4704	1648	0	3163	1470	0	0	0	35
686	1432	4704	1648	0	3163	1470	0	0	0	35
687	1432	4704	1648	0	3163	1470	0	0	0	35
688	1432	4704	1648	0	3163	1470	0	0	0	35
689	1432	4705	1648	0	3163	1470	0	0	0	35
690	1433	4705	1648	0	3163	1470	0	0	0	35
691	1433	4706	1648	0	3163	1470	0	0	0	35
692	1433	4706	1648	0	3163	1470	0	0	0	35
693	1431	4699	1648	0	3163	1470	0	0	0	35
694	1421	4661	1644	0	3163	1470	0	0	0	30
695	1406	4609	1639	0	3163	1470	0	0	0	24
696	1393	4559	1634	0	3163	1470	0	0	0	18
697	1392	4556	1634	0	3163	1470	0	0	0	18
698	1393	4560	1634	0	3163	1470	0	0	0	18
699	1393	4560	1634	0	3163	1470	0	0	0	18
700	1392	4554	1633	0	3163	1470	0	0	0	18
701	1392	4554	1633	0	3163	1470	0	0	0	18
702	1395	4565	1634	0	3163	1470	0	0	0	19
703	1401	4589	1637	0	3163	1470	0	0	0	22
704	1412	4631	1641	0	3163	1470	0	0	0	27
705	1425	4678	1646	0	3163	1470	0	0	0	32
706	1432	4703	1648	0	3163	1470	0	0	0	35
707	1432	4703	1648	0	3163	1470	0	0	0	35
708	1432	4703	1648	0	3163	1470	0	0	0	35
709	1431	4701	1648	0	3163	1470	0	0	0	35
710	1432	4702	1648	0	3163	1470	0	0	0	35
711	1432	4702	1648	0	3163	1470	0	0	0	35
712	1432	4702	1648	0	3163	1470	0	0	0	35
713	1432	4702	1648	0	3163	1470	0	0	0	35
714	1432	4703	1648	0	3163	1470	0	0	0	35
715	1432	4703	1648	0	3163	1470	0	0	0	35
716	1432	4703	1648	0	3163	1470	0	0	0	35
717	1430	4697	1647	0	3163	1470	0	0	0	34
718	1425	4678	1646	0	3163	1470	0	0	0	32
719	1412	4630	1641	0	3163	1470	0	0	0	26
720	1399	4580	1636	0	3163	1470	0	0	0	21
721	1393	4560	1634	0	3163	1470	0	0	0	18
722	1396	4570	1635	0	3163	1470	0	0	0	19
723	1396	4570	1635	0	3163	1470	0	0	0	20
724	1396	4570	1635	0	3163	1470	0	0	0	20
725	1396	4570	1635	0	3163	1470	0	0	0	20
726	1397	4575	1635	0	3163	1470	0	0	0	20
727	1401	4589	1637	0	3163	1470	0	0	0	22
728	1412	4628	1641	0	3163	1470	0	0	0	26
729	1420	4659	1644	0	3163	1470	0	0	0	30
730	1435	4714	1649	0	3163	1470	0	0	0	36
731	1435	4714	1649	0	3163	1470	0	0	0	36
732	1435	4714	1649	0	3163	1470	0	0	0	36
733	1435	4713	1649	0	3163	1470	0	0	0	36
734	1435	4714	1649	0	3163	1470	0	0	0	36
735	1435	4714	1649	0	3163	1470	0	0	0	36
736	1435	4714	1649	0	3163	1470	0	0	0	36
737	1435	4714	1649	0	3163	1470	0	0	0	36
738	1435	4715	1649	0	3163	1470	0	0	0	36
739	1435	4715	1649	0	3163	1470	0	0	0	36
740	1435	4715	1649	0	3163	1470	0	0	0	36
741	1435	4715	1649	0	3163	1470	0	0	0	36
742	1432	4703	1648	0	3163	1470	0	0	0	35
743	1418	4650	1643	0	3163	1470	0	0	0	29
744	1408	4615	1639	0	3163	1470	0	0	0	25
;


param q_act  :=    

1	28589.05
2	25963.05
3	25609.05
4	26193.05
5	26326.05
6	27257.18
7	29690.18
8	32153.18
9	33782.18
10	34499.18
11	35687.18
12	36714.18
13	37268.18
14	38040.18
15	38878.18
16	39713.18
17	40021.18
18	39996.18
19	38859.18
20	37862.18
21	37808.18
22	37597.18
23	35201.18
24	32515.18
25	29606.76
26	28410.76
27	27699.76
28	27009.76
29	26907.76
30	28062.37
31	30082.37
32	32524.37
33	34951.37
34	36424.37
35	37937.37
36	39109.37
37	39731.37
38	40446.37
39	40924.37
40	40835.37
41	40905.37
42	40993.37
43	39517.37
44	38527.37
45	37495.37
46	36730.37
47	34712.37
48	32266.37
49	29407.27
50	27737.27
51	26843.27
52	26105.27
53	25821.27
54	26399.21
55	26544.21
56	27924.21
57	30962.21
58	34006.21
59	35898.21
60	37319.21
61	38486.21
62	39127.21
63	39540.21
64	40025.21
65	40519.21
66	40384.21
67	39811.21
68	38594.21
69	38102.21
70	38236.21
71	36614.21
72	34757.21
73	32475.75
74	30520.75
75	29654.75
76	28731.75
77	28130.75
78	28393.42
79	27797.42
80	29054.42
81	31345.42
82	34475.42
83	36742.42
84	39019.42
85	40147.42
86	40662.42
87	41434.42
88	41699.42
89	42108.42
90	42290.42
91	41495.42
92	40394.42
93	39344.42
94	39385.42
95	38357.42
96	37211.42
97	34879.84
98	32992.84
99	31857.84
100	31104.84
101	30735.84
102	30445.67
103	30103.67
104	31877.67
105	35707.67
106	38035.67
107	38117.67
108	38192.67
109	39207.67
110	45363.67
111	46395.67
112	46641.67
113	46866.67
114	47292.67
115	47315.67
116	46609.67
117	45755.67
118	45582.67
119	44978.67
120	40561.67
121	36894.56
122	34534.56
123	33301.56
124	32248.56
125	31618.56
126	32312.85
127	34056.86
128	37553.86
129	40768.86
130	43482.86
131	45395.86
132	47230.86
133	47575.86
134	48695.86
135	48549.86
136	47900.86
137	48223.86
138	48144.86
139	48039.86
140	47906.86
141	47312.86
142	46916.86
143	44048.86
144	40924.86
145	37640.79
146	35300.79
147	33559.79
148	32631.79
149	32189.79
150	32407.88
151	33342.88
152	35467.88
153	36574.88
154	37270.88
155	38698.88
156	40455.88
157	41180.88
158	42453.88
159	43194.88
160	44192.88
161	44654.88
162	44378.88
163	43414.88
164	41191.88
165	39557.88
166	39161.88
167	37035.88
168	33765.88
169	31111.32
170	29651.32
171	28557.32
172	27697.32
173	27475.32
174	28085.82
175	29669.82
176	32465.82
177	34521.82
178	36374.82
179	37911.82
180	38501.82
181	38775.82
182	39834.82
183	40602.82
184	41014.82
185	41035.82
186	40874.82
187	39982.82
188	38679.82
189	37198.82
190	36708.82
191	34772.82
192	31481.82
193	29022.25
194	27602.25
195	26879.25
196	25738.25
197	25468.25
198	26512.45
199	28158.45
200	30079.45
201	32602.45
202	33965.45
203	35570.45
204	37382.45
205	38911.45
206	40283.45
207	41348.45
208	42012.45
209	42393.45
210	42386.45
211	41362.45
212	39927.45
213	38799.45
214	39080.45
215	37691.45
216	35525.45
217	33410.24
218	31767.24
219	30307.24
220	29071.24
221	28309.24
222	27977.5
223	28002.5
224	29273.5
225	31475.5
226	33712.5
227	34591.5
228	35203.5
229	34869.5
230	34719.5
231	34363.5
232	34338.5
233	34062.5
234	33244.5
235	32526.5
236	31691.5
237	31285.5
238	31271.5
239	29550.5
240	27730.5
241	25355.5
242	23822.5
243	23102.5
244	22240.5
245	21702.5
246	21793.88
247	21934.88
248	22207.88
249	23925.88
250	25628.88
251	27234.88
252	27636.88
253	28328.88
254	28670.88
255	28859.88
256	29526.88
257	30230.88
258	30380.88
259	30046.88
260	29325.88
261	28950.88
262	29662.88
263	28527.88
264	26540.88
265	24433.46
266	23180.46
267	22271.46
268	21782.46
269	21938.46
270	23307.47
271	24845.47
272	27019.47
273	28851.47
274	29925.47
275	31986.47
276	32855.47
277	32702.47
278	33016.47
279	32545.47
280	32177.47
281	31939.47
282	31666.47
283	31336.47
284	30411.47
285	30515.47
286	30017.47
287	28288.47
288	26459.47
289	24823.35
290	24521.35
291	24270.35
292	23939.35
293	24077.35
294	25078.84
295	26171.84
296	28207.84
297	29370.84
298	30952.84
299	31411.84
300	31740.84
301	32286.84
302	33483.84
303	33559.84
304	33779.84
305	34100.84
306	34064.84
307	33605.84
308	32660.84
309	32335.84
310	32325.84
311	29876.84
312	27248.84
313	25217.45
314	25027.45
315	24809.45
316	24644.45
317	24402.45
318	25500.98
319	26352.98
320	28241.98
321	30070.98
322	31550.98
323	32292.98
324	32763.98
325	32818.98
326	33582.98
327	33970.98
328	34312.98
329	34346.98
330	34659.98
331	33796.98
332	32965.98
333	31960.98
334	32219.98
335	30277.98
336	27531.98
337	25190.47
338	24463.47
339	23718.47
340	23409.47
341	23279.47
342	24484.98
343	25905.98
344	28282.98
345	30424.98
346	32692.98
347	34245.98
348	35367.98
349	36562.98
350	38326.98
351	39461.98
352	40679.98
353	41860.98
354	42057.98
355	41151.98
356	39404.98
357	38707.98
358	38634.98
359	36221.98
360	32903.98
361	29983.24
362	28779.24
363	27621.24
364	27047.24
365	26963.24
366	27764.33
367	29524.33
368	31832.33
369	34020.33
370	36076.33
371	38855.33
372	40932.33
373	42497.33
374	44192.33
375	45858.33
376	46304.33
377	46531.33
378	46879.33
379	46016.33
380	43630.33
381	42059.33
382	41217.33
383	38545.33
384	36017.33
385	33035.49
386	30693.49
387	29412.49
388	28509.49
389	27764.49
390	27851.87
391	27823.87
392	29120.87
393	31735.87
394	34402.87
395	36889.87
396	39211.87
397	39949.87
398	41212.87
399	41588.87
400	42395.87
401	42838.87
402	42495.87
403	41330.87
404	39449.87
405	38738.87
406	38532.87
407	36646.87
408	34254.87
409	32157.77
410	30090.77
411	29373.77
412	28589.77
413	27794.77
414	27717.08
415	27511.08
416	28268.08
417	31188.08
418	34002.07
419	36164.07
420	38634.07
421	39453.07
422	40396.07
423	41091.07
424	41682.07
425	42111.07
426	42136.07
427	41388.07
428	40216.07
429	39896.07
430	40393.07
431	38327.07
432	35889.07
433	34322.24
434	32630.24
435	31475.24
436	30404.24
437	30275.24
438	31179.12
439	32406.12
440	34730.12
441	37520.12
442	40074.12
443	42929.12
444	45078.12
445	46147.12
446	47666.12
447	47725.12
448	48131.12
449	47810.12
450	47552.12
451	46542.12
452	44589.12
453	43938.12
454	43748.12
455	40217.12
456	37143.12
457	34096.44
458	32917.44
459	31626.44
460	30404.44
461	30182.44
462	30869.14
463	32244.14
464	35122.14
465	36909.14
466	37778.14
467	39163.14
468	40365.14
469	41226.14
470	42371.14
471	43013.14
472	43550.14
473	44041.14
474	44224.14
475	43346.14
476	41377.14
477	40672.14
478	40761.14
479	37789.14
480	33627.14
481	30647.98
482	29258.98
483	28156.98
484	27359.98
485	27364.98
486	28824.5
487	30573.5
488	33376.5
489	36696.5
490	38504.5
491	40492.5
492	41992.5
493	42907.5
494	44039.5
495	44800.5
496	44570.5
497	44862.5
498	44543.5
499	43285.5
500	42171.5
501	41824.5
502	41548.5
503	38716.5
504	34277.5
505	30773.34
506	29779.34
507	28829.34
508	27844.34
509	27738.34
510	28762.64
511	30655.64
512	33524.64
513	36189.64
514	36728.64
515	39361.64
516	41584.64
517	42911.64
518	44424.64
519	45637.64
520	46364.64
521	46742.64
522	46764.64
523	45938.64
524	44652.64
525	43964.64
526	44221.64
527	41366.64
528	36741.64
529	33570.12
530	31825.12
531	30870.12
532	30241.12
533	29853.12
534	30675.99
535	32549.99
536	36079
537	39477
538	41845
539	44701
540	46500
541	47251
542	48656
543	49544
544	49551
545	49842
546	49392
547	48088
548	46621
549	45916
550	45748
551	42850
552	38507
553	35052.5
554	33093.5
555	31582.5
556	30524.5
557	29828.5
558	30082.55
559	30288.55
560	32306.55
561	36068.55
562	39380.55
563	41882.55
564	42913.55
565	43457.55
566	43671.55
567	44023.55
568	44860.55
569	44560.55
570	44705.55
571	43561.55
572	42109.55
573	41898.55
574	41596.55
575	39239.55
576	36540.55
577	33634.71
578	31900.71
579	30510.71
580	29054.71
581	28868.71
582	28463.19
583	28980.19
584	29444.19
585	32349.19
586	34825.19
587	36919.19
588	39466.19
589	40920.19
590	41991.19
591	43090.19
592	43711.19
593	44481.19
594	44759.19
595	44031.19
596	42414.19
597	41874.19
598	41217.19
599	38221.19
600	34885.19
601	32556.17
602	30865.17
603	29764.17
604	29009.17
605	28591.17
606	29534.67
607	31309.67
608	34739.67
609	38880.67
610	40589.67
611	43030.67
612	45379.67
613	45478.67
614	46006.67
615	47187.67
616	46833.67
617	46424.67
618	46688.67
619	45426.67
620	43798.67
621	43252.67
622	42898.67
623	39968.67
624	36280.67
625	32474.34
626	30832.34
627	29626.34
628	28623.34
629	28381.34
630	29287.47
631	30474.47
632	33913.48
633	37406.48
634	39590.48
635	41356.48
636	43246.48
637	44449.48
638	46507.48
639	48427.48
640	49245.48
641	49210.48
642	48632.48
643	47764.48
644	46831.48
645	45627.48
646	45101.48
647	42229.48
648	37629.48
649	33944.99
650	32268.99
651	30856.99
652	29916.99
653	29533.99
654	30211.37
655	31896.37
656	35915.37
657	39479.37
658	42086.37
659	44802.37
660	46585.37
661	47067.37
662	47733.37
663	48063.37
664	47781.37
665	47746.37
666	47940.37
667	46350.37
668	45754.37
669	44901.37
670	43931.37
671	40587.37
672	36170.37
673	32095.62
674	30692.62
675	29535.62
676	28485.62
677	28377.62
678	29526.88
679	31139.88
680	33683.88
681	35930.88
682	37164.88
683	39682.88
684	40721.88
685	42963.88
686	45925.88
687	47123.88
688	47764.88
689	48048.88
690	47789.88
691	47484.88
692	45527.88
693	44809.88
694	44856.88
695	41597.88
696	37197.88
697	33788.57
698	32258.56
699	31044.56
700	29749.56
701	29794.56
702	29645.86
703	31179.86
704	34887.86
705	38412.86
706	41418.86
707	44028.86
708	45615.86
709	46737.86
710	48249.86
711	48981.86
712	49138.86
713	48826.86
714	48916.86
715	47881.86
716	46584.86
717	45584.86
718	44898.86
719	41911.86
720	37561.86
721	34124.54
722	32597.54
723	30889.54
724	29702.54
725	29505.54
726	29238.4
727	29423.4
728	30216.4
729	32676.4
730	36890.4
731	39615.4
732	42559.4
733	44306.4
734	45551.4
735	46139.4
736	46063.4
737	46108.4
738	45367.4
739	44159.4
740	42793.4
741	42393.4
742	41952.4
743	40062.4
744	37128.4
;

param a_hat :=

1	28588
2	26142
3	25301
4	25464
5	25690
6	27044
7	29865
8	33215
9	35415
10	36831
11	38283
12	39102
13	39485
14	40168
15	40782
16	41284
17	41829
18	42019
19	41155
20	40010
21	39648
22	39542
23	36917
24	33533
25	30768
26	29189
27	28376
28	27719
29	27679
30	28900
31	31460
32	34523
33	37252
34	39310
35	41227
36	42376
37	43244
38	44026
39	44242
40	44153
41	43838
42	43692
43	42180
44	40958
45	39947
46	39280
47	36794
48	33767
49	30722
50	28620
51	27251
52	26378
53	25818
54	26007
55	26562
56	28587
57	31894
58	35270
59	38027
60	39937
61	41184
62	42022
63	42307
64	42794
65	43269
66	43308
67	42685
68	41559
69	40704
70	40438
71	38627
72	35925
73	33340
74	31078
75	29692
76	28768
77	28163
78	28007
79	27838
80	29849
81	33171
82	36668
83	39707
84	41684
85	42908
86	43360
87	43783
88	44413
89	44878
90	44982
91	44246
92	43240
93	42337
94	42027
95	40617
96	38605
97	36198
98	34006
99	32483
100	31557
101	30966
102	31052
103	31348
104	33572
105	37163
106	40149
107	40666
108	41330
109	42331
110	48373
111	48688
112	48775
113	48962
114	49233
115	48993
116	48187
117	47539
118	47413
119	46658
120	42357
121	38654
122	36622
123	35043
124	33976
125	33434
126	34306
127	36548
128	40706
129	44542
130	47480
131	49849
132	51318
133	51564
134	52280
135	52204
136	52276
137	52283
138	51994
139	51292
140	51063
141	50867
142	50400
143	47043
144	43059
145	39686
146	37479
147	35911
148	34670
149	34097
150	34515
151	36095
152	39079
153	41591
154	43366
155	44582
156	45635
157	46374
158	47218
159	47793
160	48431
161	48793
162	48464
163	47476
164	45622
165	43987
166	43274
167	40196
168	36124
169	32657
170	30492
171	29116
172	28013
173	27714
174	28400
175	30387
176	33625
177	36386
178	38521
179	40497
180	41788
181	42464
182	43202
183	44027
184	44284
185	44194
186	44213
187	42853
188	41177
189	39910
190	39144
191	36270
192	32571
193	29250
194	27338
195	26408
196	25714
197	25526
198	26607
199	28613
200	31458
201	34459
202	36410
203	38119
204	40097
205	41343
206	42612
207	43424
208	44104
209	44617
210	44479
211	43484
212	42280
213	41537
214	41521
215	39523
216	36861
217	34212
218	32531
219	31280
220	30110
221	29491
222	29345
223	29592
224	31295
225	33937
226	36423
227	37661
228	38116
229	38189
230	37883
231	37588
232	37554
233	37409
234	36939
235	35991
236	34808
237	33826
238	33494
239	31217
240	28460
241	25873
242	23972
243	22717
244	21952
245	21493
246	21291
247	21375
248	22531
249	24475
250	26253
251	27883
252	28718
253	29478
254	29913
255	30225
256	30765
257	31600
258	31973
259	31712
260	30795
261	30488
262	31044
263	29555
264	26847
265	24490
266	23270
267	22475
268	22101
269	22219
270	23506
271	25703
272	28838
273	31425
274	32888
275	34233
276	35152
277	35129
278	35103
279	34788
280	34187
281	33670
282	33067
283	32536
284	31713
285	31872
286	31705
287	29335
288	26688
289	24388
290	23161
291	22515
292	22091
293	22313
294	23793
295	25909
296	28796
297	30676
298	32210
299	33049
300	33542
301	34105
302	35276
303	35808
304	36100
305	36381
306	36220
307	35267
308	33759
309	33314
310	33456
311	30865
312	27813
313	25224
314	23915
315	23070
316	22734
317	22851
318	24177
319	26511
320	29199
321	31323
322	32522
323	33706
324	34275
325	34643
326	34786
327	34713
328	34808
329	34832
330	34767
331	34013
332	33231
333	32286
334	32565
335	30143
336	27156
337	24766
338	23462
339	22479
340	22169
341	22419
342	23763
343	25958
344	29028
345	31515
346	33342
347	34911
348	36213
349	37237
350	38495
351	39543
352	40231
353	41273
354	41725
355	41178
356	39798
357	39057
358	39022
359	36267
360	32977
361	29800
362	28041
363	26928
364	26132
365	26282
366	27437
367	29779
368	33187
369	36534
370	39535
371	42376
372	44826
373	46333
374	47646
375	48624
376	49413
377	49569
378	49168
379	48005
380	46218
381	44860
382	44040
383	40804
384	37259
385	33775
386	31391
387	29777
388	28798
389	28143
390	28017
391	28280
392	30716
393	34168
394	37680
395	40855
396	43508
397	44926
398	46056
399	46238
400	46526
401	46770
402	46487
403	45527
404	43794
405	42705
406	42108
407	39483
408	36328
409	33526
410	31064
411	29810
412	28867
413	28169
414	27927
415	27972
416	29621
417	32838
418	36517
419	39635
420	42433
421	44033
422	45032
423	45621
424	45977
425	46346
426	46421
427	45673
428	44416
429	44098
430	44036
431	41432
432	37950
433	34947
434	33023
435	31736
436	30810
437	30674
438	31897
439	33862
440	37444
441	40789
442	43511
443	46569
444	49329
445	50888
446	51388
447	51216
448	51298
449	50812
450	49892
451	48519
452	46627
453	46003
454	45600
455	41904
456	38038
457	34598
458	32844
459	31673
460	30771
461	30454
462	31651
463	33495
464	36247
465	38289
466	39686
467	40784
468	41627
469	42130
470	42966
471	43318
472	43722
473	44104
474	44129
475	42986
476	41420
477	40536
478	40100
479	37491
480	33913
481	30788
482	28999
483	27894
484	27139
485	27287
486	28722
487	30972
488	33668
489	36526
490	38150
491	40061
492	41436
493	42283
494	42985
495	43336
496	43158
497	43170
498	42614
499	41207
500	39987
501	39828
502	39393
503	36836
504	33709
505	30637
506	29071
507	28146
508	27519
509	27624
510	29082
511	31463
512	34223
513	36692
514	37460
515	39118
516	40373
517	41182
518	42383
519	43294
520	44344
521	45086
522	45187
523	44344
524	43302
525	42558
526	42502
527	39804
528	36307
529	33098
530	31163
531	30076
532	29301
533	29203
534	30486
535	32488
536	35808
537	39188
538	41625
539	43730
540	45267
541	46136
542	47112
543	48513
544	48779
545	49079
546	49050
547	48036
548	46726
549	45579
550	44849
551	42005
552	38610
553	35064
554	32975
555	31419
556	30286
557	29689
558	29957
559	30335
560	32141
561	36013
562	39505
563	42281
564	43619
565	43997
566	43980
567	43821
568	44340
569	44664
570	44811
571	44262
572	42788
573	42307
574	42045
575	39825
576	37214
577	33796
578	31835
579	30218
580	28888
581	28431
582	28130
583	28369
584	29471
585	32704
586	35624
587	38316
588	40806
589	42331
590	43023
591	43514
592	44166
593	44690
594	44869
595	44153
596	42508
597	42147
598	41907
599	39151
600	35656
601	32827
602	30760
603	29675
604	28843
605	28710
606	29726
607	31697
608	34678
609	38195
610	40467
611	42613
612	44193
613	45444
614	45860
615	46926
616	47763
617	47713
618	47619
619	47070
620	45446
621	44608
622	43678
623	40200
624	36791
625	33118
626	30869
627	29517
628	28515
629	28325
630	29656
631	31073
632	34302
633	38000
634	39990
635	41924
636	44039
637	45543
638	46884
639	48029
640	49205
641	49712
642	49766
643	48830
644	47502
645	46493
646	45740
647	42508
648	38504
649	34557
650	32367
651	30788
652	29870
653	29579
654	30609
655	32235
656	35466
657	39017
658	41746
659	44174
660	46052
661	47350
662	48240
663	49366
664	49481
665	49385
666	48946
667	46775
668	45433
669	44405
670	43435
671	40200
672	36332
673	32685
674	30597
675	29406
676	28493
677	28159
678	29543
679	31490
680	34014
681	36627
682	38031
683	40043
684	41836
685	43129
686	44894
687	46205
688	47333
689	47830
690	48057
691	47256
692	45571
693	44627
694	44155
695	40859
696	37185
697	33783
698	31651
699	30330
700	29220
701	29373
702	30027
703	31906
704	35169
705	38387
706	41015
707	43233
708	44936
709	45721
710	46897
711	47915
712	48607
713	48184
714	47691
715	46872
716	45286
717	44440
718	43552
719	40646
720	37672
721	34332
722	32189
723	30593
724	29508
725	29236
726	29070
727	29582
728	31182
729	33853
730	38346
731	41419
732	43763
733	45372
734	46133
735	46442
736	46754
737	46818
738	46528
739	45934
740	44513
741	44182
742	43530
743	41134
744	38529
;           

param p_act :=

1	13.01
2	11.26
3	13.80
4	15.72
5	14.99
6	17.51
7	19.69
8	19.33
9	22.42
10	22.77
11	24.50
12	26.92
13	27.66
14	28.00
15	31.23
16	36.10
17	44.08
18	56.11
19	32.18
20	26.00
21	28.74
22	28.61
23	25.12
24	22.99
25	20.64
26	20.72
27	17.03
28	16.20
29	16.40
30	19.58
31	20.42
32	23.64
33	26.72
34	28.19
35	31.76
36	40.41
37	33.55
38	31.67
39	31.75
40	31.17
41	32.09
42	30.10
43	26.96
44	24.65
45	24.26
46	24.96
47	22.00
48	18.83
49	16.50
50	14.70
51	12.70
52	11.38
53	11.44
54	11.69
55	10.88
56	12.92
57	17.54
58	21.83
59	26.22
60	32.29
61	33.77
62	32.35
63	36.27
64	37.92
65	40.92
66	40.02
67	34.92
68	24.27
69	29.78
70	34.28
71	27.57
72	25.82
73	18.83
74	19.03
75	17.65
76	15.40
77	14.27
78	13.50
79	10.47
80	14.98
81	18.85
82	26.34
83	23.75
84	34.77
85	29.68
86	31.18
87	37.08
88	38.33
89	39.58
90	41.21
91	38.26
92	34.71
93	30.11
94	33.00
95	30.85
96	36.54
97	27.27
98	24.97
99	24.02
100	23.46
101	22.83
102	17.88
103	17.00
104	26.75
105	43.06
106	51.40
107	84.91
108	91.05
109	118.43
110	117.44
111	518.17
112	944.00
113	944.00
114	873.50
115	762.50
116	620.83
117	550.00
118	677.50
119	59.00
120	36.79
121	27.53
122	23.00
123	22.50
124	19.09
125	18.16
126	19.35
127	29.52
128	48.58
129	60.46
130	83.98
131	479.28
132	920.00
133	920.00
134	920.00
135	920.00
136	920.00
137	920.00
138	920.00
139	920.00
140	908.33
141	196.67
142	165.60
143	59.75
144	39.23
145	35.95
146	29.98
147	24.25
148	20.49
149	19.00
150	18.73
151	24.68
152	29.87
153	32.59
154	29.28
155	39.10
156	43.46
157	43.67
158	45.50
159	48.24
160	49.41
161	49.83
162	44.65
163	36.39
164	30.20
165	29.93
166	33.04
167	27.43
168	22.72
169	19.67
170	18.50
171	17.03
172	12.72
173	13.20
174	13.30
175	20.78
176	17.53
177	22.03
178	32.29
179	38.37
180	30.58
181	29.10
182	40.15
183	36.94
184	39.44
185	39.79
186	38.35
187	35.45
188	31.14
189	25.50
190	23.95
191	21.10
192	18.54
193	18.96
194	16.51
195	14.25
196	10.97
197	11.08
198	12.62
199	16.71
200	17.88
201	22.00
202	19.12
203	27.27
204	34.02
205	35.33
206	41.23
207	43.90
208	48.47
209	49.07
210	51.40
211	41.26
212	37.59
213	35.82
214	42.70
215	37.08
216	33.27
217	37.52
218	28.46
219	23.98
220	19.25
221	18.79
222	18.25
223	18.71
224	22.92
225	27.25
226	35.83
227	27.67
228	27.00
229	24.58
230	24.42
231	27.25
232	27.82
233	27.48
234	23.36
235	22.98
236	20.54
237	30.41
238	24.62
239	17.33
240	15.30
241	8.98
242	7.18
243	3.97
244	9.86
245	9.15
246	1.00
247	1.00
248	1.68
249	10.83
250	11.21
251	12.93
252	14.43
253	15.97
254	15.23
255	15.42
256	16.97
257	18.29
258	17.65
259	17.57
260	16.77
261	16.56
262	19.19
263	15.64
264	13.05
265	10.33
266	10.42
267	9.70
268	9.80
269	10.15
270	10.94
271	11.68
272	15.57
273	13.90
274	13.67
275	19.31
276	18.57
277	19.15
278	19.39
279	18.18
280	17.37
281	15.62
282	16.78
283	14.22
284	12.65
285	17.50
286	17.02
287	14.38
288	12.26
289	12.04
290	11.92
291	11.66
292	11.37
293	11.69
294	14.14
295	13.12
296	18.86
297	18.83
298	21.68
299	19.77
300	21.38
301	26.57
302	28.29
303	25.43
304	25.70
305	25.99
306	24.61
307	17.37
308	15.20
309	17.69
310	17.87
311	18.03
312	15.52
313	15.38
314	15.62
315	11.50
316	11.42
317	11.67
318	15.10
319	13.16
320	15.88
321	21.77
322	23.13
323	23.82
324	26.03
325	20.45
326	24.00
327	24.00
328	24.00
329	24.00
330	26.82
331	18.70
332	19.63
333	19.76
334	21.78
335	16.97
336	14.37
337	11.37
338	12.32
339	10.65
340	10.73
341	10.75
342	11.23
343	11.95
344	15.19
345	14.15
346	20.23
347	25.71
348	26.91
349	28.67
350	31.57
351	45.32
352	52.90
353	78.15
354	65.08
355	52.32
356	34.72
357	30.58
358	36.56
359	27.57
360	21.63
361	19.00
362	19.33
363	13.38
364	12.54
365	11.51
366	11.52
367	12.84
368	18.50
369	21.74
370	25.73
371	37.92
372	39.84
373	42.15
374	51.88
375	65.64
376	62.10
377	73.95
378	90.40
379	58.98
380	38.40
381	40.26
382	33.52
383	29.67
384	26.21
385	25.71
386	19.83
387	19.69
388	15.94
389	14.92
390	12.36
391	10.98
392	16.42
393	21.73
394	24.21
395	34.11
396	40.23
397	40.28
398	34.26
399	30.92
400	36.35
401	40.96
402	39.30
403	34.03
404	27.32
405	29.95
406	29.37
407	24.83
408	24.41
409	22.82
410	26.67
411	21.82
412	18.31
413	14.15
414	13.89
415	11.98
416	13.50
417	22.33
418	24.22
419	31.97
420	32.80
421	34.88
422	37.15
423	36.75
424	38.68
425	39.60
426	35.62
427	28.57
428	28.33
429	26.86
430	27.92
431	25.57
432	25.61
433	24.15
434	22.12
435	20.32
436	18.29
437	17.92
438	18.18
439	18.21
440	26.17
441	26.13
442	35.94
443	53.21
444	53.10
445	56.40
446	473.04
447	492.23
448	262.33
449	39.13
450	37.68
451	34.88
452	33.21
453	36.60
454	39.48
455	30.00
456	28.33
457	27.14
458	23.82
459	18.55
460	15.96
461	15.17
462	15.65
463	21.22
464	25.16
465	26.00
466	26.04
467	28.93
468	29.75
469	29.33
470	35.76
471	37.50
472	37.50
473	42.82
474	43.62
475	35.40
476	27.50
477	34.05
478	42.16
479	23.92
480	20.17
481	17.51
482	19.07
483	15.73
484	12.81
485	13.10
486	17.47
487	21.32
488	24.80
489	27.46
490	30.26
491	40.96
492	44.90
493	46.19
494	52.71
495	52.37
496	42.73
497	46.48
498	38.75
499	32.83
500	31.37
501	37.38
502	40.34
503	27.12
504	21.64
505	18.72
506	19.82
507	15.24
508	11.70
509	12.17
510	17.27
511	21.88
512	33.12
513	26.17
514	24.63
515	35.64
516	41.55
517	39.92
518	51.70
519	59.22
520	69.98
521	77.80
522	65.00
523	47.08
524	40.57
525	71.65
526	71.60
527	33.54
528	25.53
529	23.57
530	20.55
531	21.12
532	18.44
533	17.23
534	17.83
535	24.30
536	32.81
537	44.45
538	55.17
539	76.50
540	101.38
541	331.51
542	935.00
543	935.00
544	935.00
545	935.00
546	894.58
547	101.97
548	45.75
549	53.84
550	52.18
551	36.10
552	25.95
553	23.30
554	21.52
555	18.83
556	17.53
557	15.92
558	15.70
559	15.93
560	23.25
561	35.68
562	51.06
563	52.31
564	59.85
565	58.57
566	57.50
567	64.54
568	83.36
569	71.04
570	88.34
571	58.92
572	54.20
573	66.38
574	60.23
575	36.33
576	28.90
577	26.87
578	22.51
579	17.81
580	18.62
581	16.57
582	15.36
583	13.98
584	16.96
585	23.26
586	34.00
587	41.79
588	49.07
589	51.62
590	60.12
591	67.67
592	62.81
593	59.80
594	59.80
595	58.45
596	47.33
597	49.35
598	38.08
599	27.19
600	23.65
601	21.04
602	19.38
603	18.55
604	16.32
605	12.42
606	13.53
607	19.34
608	31.15
609	41.85
610	51.04
611	74.47
612	756.67
613	30.78
614	310.80
615	919.58
616	563.33
617	220.83
618	404.17
619	66.59
620	58.88
621	54.77
622	54.41
623	39.63
624	27.52
625	20.22
626	19.83
627	17.23
628	15.90
629	15.00
630	15.36
631	18.10
632	32.20
633	34.22
634	41.24
635	51.69
636	55.64
637	62.16
638	83.35
639	620.08
640	935.00
641	935.00
642	935.00
643	842.50
644	619.67
645	79.25
646	82.63
647	49.57
648	30.76
649	23.99
650	24.05
651	24.20
652	20.11
653	17.63
654	17.55
655	26.22
656	41.83
657	48.72
658	66.86
659	203.89
660	450.00
661	542.50
662	935.00
663	935.00
664	935.00
665	935.00
666	607.92
667	92.97
668	76.72
669	99.28
670	103.02
671	43.02
672	25.14
673	18.12
674	16.59
675	15.22
676	12.31
677	12.70
678	13.34
679	18.28
680	26.36
681	23.73
682	28.03
683	50.58
684	37.01
685	196.58
686	570.83
687	919.42
688	998.50
689	999.00
690	999.00
691	407.42
692	59.97
693	99.21
694	129.82
695	41.95
696	26.00
697	22.43
698	19.06
699	15.82
700	15.23
701	14.22
702	11.93
703	15.84
704	28.18
705	33.92
706	58.09
707	255.19
708	320.00
709	453.93
710	998.50
711	999.00
712	999.00
713	999.00
714	979.33
715	171.79
716	72.50
717	54.47
718	63.06
719	45.34
720	27.72
721	26.92
722	24.20
723	18.25
724	16.13
725	15.27
726	13.18
727	12.19
728	16.31
729	22.98
730	37.70
731	53.40
732	68.06
733	69.77
734	182.41
735	444.91
736	245.64
737	430.42
738	202.47
739	74.53
740	64.22
741	72.74
742	62.83
743	46.28
744	33.73
;           
         
                     
param b :=

1	860.6577
2	869.264277
3	861.5183577
4	628.7176
5	1092.598
;
     