set     FIRMS :=           GPU     PECO    PPL   PEPCO   PSEG  BGE   DPL   ACE   HOMER  FRINGE ;
set     THERMLINE:=         1, 2,    3, 4, 5;
set     TFIRMS :=           GPU     PECO    PPL   PEPCO   PSEG  BGE   DPL   ACE   HOMER  FRINGE;


param   ST :=      1;
param   T :=     720;
param Tdata := 720;

param BT :=	199906000;

param firmtype :=   GPU   2   PECO  2  PPL 2  PEPCO 2   PSEG 2 BGE 2  DPL 2  ACE 2 HOMER 2 FRINGE 1;

param contractpct :=   GPU .147  PECO  .088  PPL .099  PEPCO .104   PSEG .17 BGE .112  DPL .06  ACE .043 HOMER 0 FRINGE 0;
 

param maxtherm :    GPU    PECO    PPL   PEPCO   PSEG     BGE   DPL   ACE HOMER  FRINGE      :=
1	4367	1873	2903	1698	2253	1826	869	490	564	1609
2	969	399	1901	1341	965	758	1110	149	570	440
3	395	414	118	1702	1250	616	272	188	599	2293
4	573	301	184	416	722	206	107	112	16	685
5	456	15	0	352	730	265	59	82	0	126
;

param k :    	           GPU    PECO    PPL   PEPCO   PSEG     BGE   DPL   ACE HOMER  FRINGE     :=

1	14.8218	17.4436	16.6209	15.3930	21.3619	14.6024	18.6677	23.8659	15.4652	17.7290
2	20.8543	33.8234	19.6798	17.2177	33.1543	16.3757	21.1330	31.8627	15.4652	25.4749
3	40.1565	44.4588	37.4199	31.2138	36.0622	32.9162	31.5267	43.0046	15.8743	29.0697
4	49.5376	50.2487	53.2843	34.2053	49.7874	42.5971	40.7462	52.7783	15.9633	31.8346
5	54.0711	54.1392	55.1678	48.3596	60.5687	48.0973	54.5173	55.8248	31.6665	38.7757
;

param mc :    	  GPU    PECO    PPL   PEPCO   PSEG     BGE   DPL   ACE HOMER  FRINGE   :=
1	0.00138	0.00874	0.00105	0.00107	0.00523	0.00097	0.00284	0.01632	0.00000	0.00481
2	0.01993	0.02667	0.00933	0.01044	0.00301	0.02182	0.00936	0.07453	0.00072	0.00817
3	0.02373	0.01397	0.13440	0.00176	0.01098	0.01573	0.03388	0.05190	0.00015	0.00121
4	0.00791	0.01291	0.01024	0.03404	0.01493	0.02669	0.12830	0.02719	0.97233	0.01014
5	0.03580	0.18813	0.00000	0.02361	0.06940	0.04647	0.42491	0.06992	0.00000	0.08883
;									

param qmr :	GPU    PECO    PPL   PEPCO   PSEG     BGE   DPL   ACE HOMER  FRINGE     :=

1	1441	4460	1616	0	3082	1708	0	0	0	18
2	1441	4460	1616	0	3082	1708	0	0	0	18
3	1441	4461	1616	0	3082	1708	0	0	0	18
4	1441	4461	1616	0	3082	1708	0	0	0	18
5	1441	4462	1616	0	3082	1708	0	0	0	19
6	1441	4462	1616	0	3082	1708	0	0	0	19
7	1447	4487	1619	0	3082	1708	0	0	0	22
8	1450	4501	1621	0	3082	1708	0	0	0	23
9	1460	4545	1625	0	3082	1708	0	0	0	29
10	1462	4558	1627	0	3082	1708	0	0	0	30
11	1462	4556	1627	0	3082	1708	0	0	0	30
12	1467	4578	1629	0	3082	1708	0	0	0	33
13	1474	4613	1633	0	3082	1708	0	0	0	37
14	1474	4614	1633	0	3082	1708	0	0	0	37
15	1476	4621	1634	0	3082	1708	0	0	0	38
16	1476	4622	1634	0	3082	1708	0	0	0	38
17	1476	4623	1634	0	3082	1708	0	0	0	38
18	1476	4623	1634	0	3082	1708	0	0	0	38
19	1467	4578	1629	0	3082	1708	0	0	0	33
20	1467	4578	1629	0	3082	1708	0	0	0	33
21	1475	4617	1633	0	3082	1708	0	0	0	37
22	1463	4559	1627	0	3082	1708	0	0	0	30
23	1453	4516	1622	0	3082	1708	0	0	0	25
24	1448	4492	1620	0	3082	1708	0	0	0	22
25	1442	4466	1617	0	3082	1708	0	0	0	19
26	1443	4469	1617	0	3082	1708	0	0	0	19
27	1443	4469	1617	0	3082	1708	0	0	0	19
28	1443	4470	1617	0	3082	1708	0	0	0	19
29	1443	4470	1617	0	3082	1708	0	0	0	20
30	1444	4471	1617	0	3082	1708	0	0	0	20
31	1450	4500	1620	0	3082	1708	0	0	0	23
32	1473	4608	1632	0	3082	1708	0	0	0	36
33	1496	4715	1644	0	3082	1708	0	0	0	49
34	1499	4726	1645	0	3082	1708	0	0	0	51
35	1499	4727	1645	0	3082	1708	0	0	0	51
36	1509	4775	1650	0	3082	1708	0	0	0	56
37	1514	4797	1653	0	3082	1708	0	0	0	59
38	1517	4811	1654	0	3082	1708	0	0	0	61
39	1520	4823	1656	0	3082	1708	0	0	0	62
40	1520	4824	1656	0	3082	1708	0	0	0	62
41	1524	4845	1658	0	3082	1708	0	0	0	65
42	1529	4867	1660	0	3082	1708	0	0	0	68
43	1520	4827	1656	0	3082	1708	0	0	0	63
44	1516	4806	1654	0	3082	1708	0	0	0	60
45	1515	4803	1653	0	3082	1708	0	0	0	60
46	1506	4760	1649	0	3082	1708	0	0	0	55
47	1487	4672	1639	0	3082	1708	0	0	0	44
48	1458	4539	1625	0	3082	1708	0	0	0	28
49	1466	4575	1629	0	3082	1708	0	0	0	32
50	1465	4570	1628	0	3082	1708	0	0	0	32
51	1465	4570	1628	0	3082	1708	0	0	0	32
52	1465	4570	1628	0	3082	1708	0	0	0	32
53	1465	4570	1628	0	3082	1708	0	0	0	32
54	1465	4570	1628	0	3082	1708	0	0	0	32
55	1469	4588	1630	0	3082	1708	0	0	0	34
56	1483	4655	1637	0	3082	1708	0	0	0	42
57	1491	4689	1641	0	3082	1708	0	0	0	46
58	1491	4689	1641	0	3082	1708	0	0	0	46
59	1491	4689	1641	0	3082	1708	0	0	0	46
60	1498	4724	1645	0	3082	1708	0	0	0	50
61	1506	4758	1649	0	3082	1708	0	0	0	54
62	1511	4782	1651	0	3082	1708	0	0	0	57
63	1511	4782	1651	0	3082	1708	0	0	0	57
64	1511	4782	1651	0	3082	1708	0	0	0	57
65	1515	4803	1653	0	3082	1708	0	0	0	60
66	1514	4799	1653	0	3082	1708	0	0	0	59
67	1511	4783	1651	0	3082	1708	0	0	0	57
68	1509	4776	1650	0	3082	1708	0	0	0	57
69	1506	4758	1649	0	3082	1708	0	0	0	54
70	1496	4715	1644	0	3082	1708	0	0	0	49
71	1483	4656	1637	0	3082	1708	0	0	0	42
72	1470	4594	1631	0	3082	1708	0	0	0	35
73	1467	4580	1629	0	3082	1708	0	0	0	33
74	1468	4585	1630	0	3082	1708	0	0	0	33
75	1468	4585	1630	0	3082	1708	0	0	0	33
76	1468	4585	1630	0	3082	1708	0	0	0	33
77	1468	4585	1630	0	3082	1708	0	0	0	33
78	1472	4601	1631	0	3082	1708	0	0	0	35
79	1483	4654	1637	0	3082	1708	0	0	0	42
80	1496	4713	1644	0	3082	1708	0	0	0	49
81	1502	4743	1647	0	3082	1708	0	0	0	53
82	1498	4722	1645	0	3082	1708	0	0	0	50
83	1498	4722	1645	0	3082	1708	0	0	0	50
84	1504	4751	1648	0	3082	1708	0	0	0	54
85	1513	4792	1652	0	3082	1708	0	0	0	59
86	1517	4812	1654	0	3082	1708	0	0	0	61
87	1517	4813	1654	0	3082	1708	0	0	0	61
88	1517	4813	1654	0	3082	1708	0	0	0	61
89	1522	4834	1657	0	3082	1708	0	0	0	64
90	1518	4814	1655	0	3082	1708	0	0	0	61
91	1515	4803	1653	0	3082	1708	0	0	0	60
92	1515	4803	1653	0	3082	1708	0	0	0	60
93	1512	4786	1652	0	3082	1708	0	0	0	58
94	1501	4738	1646	0	3082	1708	0	0	0	52
95	1474	4611	1633	0	3082	1708	0	0	0	37
96	1460	4545	1625	0	3082	1708	0	0	0	29
97	1442	4464	1617	0	3082	1708	0	0	0	19
98	1442	4464	1617	0	3082	1708	0	0	0	19
99	1442	4464	1617	0	3082	1708	0	0	0	19
100	1442	4464	1617	0	3082	1708	0	0	0	19
101	1442	4464	1617	0	3082	1708	0	0	0	19
102	1442	4464	1617	0	3082	1708	0	0	0	19
103	1442	4464	1617	0	3082	1708	0	0	0	19
104	1434	4426	1612	0	3082	1708	0	0	0	14
105	1437	4440	1614	0	3082	1708	0	0	0	16
106	1442	4466	1617	0	3082	1708	0	0	0	19
107	1442	4466	1617	0	3082	1708	0	0	0	19
108	1442	4466	1617	0	3082	1708	0	0	0	19
109	1444	4473	1618	0	3082	1708	0	0	0	20
110	1450	4502	1621	0	3082	1708	0	0	0	23
111	1453	4515	1622	0	3082	1708	0	0	0	25
112	1456	4528	1624	0	3082	1708	0	0	0	27
113	1456	4528	1624	0	3082	1708	0	0	0	27
114	1455	4524	1623	0	3082	1708	0	0	0	26
115	1456	4530	1624	0	3082	1708	0	0	0	27
116	1454	4517	1622	0	3082	1708	0	0	0	25
117	1454	4517	1622	0	3082	1708	0	0	0	25
118	1450	4499	1620	0	3082	1708	0	0	0	23
119	1432	4419	1612	0	3082	1708	0	0	0	13
120	1444	4473	1618	0	3082	1708	0	0	0	20
121	1442	4464	1616	0	3082	1708	0	0	0	19
122	1442	4464	1616	0	3082	1708	0	0	0	19
123	1442	4464	1617	0	3082	1708	0	0	0	19
124	1442	4464	1616	0	3082	1708	0	0	0	19
125	1442	4464	1616	0	3082	1708	0	0	0	19
126	1442	4464	1616	0	3082	1708	0	0	0	19
127	1442	4464	1616	0	3082	1708	0	0	0	19
128	1435	4431	1613	0	3082	1708	0	0	0	15
129	1437	4440	1614	0	3082	1708	0	0	0	16
130	1436	4438	1614	0	3082	1708	0	0	0	16
131	1436	4437	1614	0	3082	1708	0	0	0	16
132	1436	4437	1614	0	3082	1708	0	0	0	16
133	1441	4459	1616	0	3082	1708	0	0	0	18
134	1449	4496	1620	0	3082	1708	0	0	0	23
135	1451	4505	1621	0	3082	1708	0	0	0	24
136	1452	4510	1622	0	3082	1708	0	0	0	24
137	1450	4500	1620	0	3082	1708	0	0	0	23
138	1450	4500	1620	0	3082	1708	0	0	0	23
139	1455	4525	1623	0	3082	1708	0	0	0	26
140	1461	4550	1626	0	3082	1708	0	0	0	29
141	1462	4557	1627	0	3082	1708	0	0	0	30
142	1455	4522	1623	0	3082	1708	0	0	0	26
143	1436	4438	1614	0	3082	1708	0	0	0	16
144	1443	4470	1617	0	3082	1708	0	0	0	20
145	1453	4515	1622	0	3082	1708	0	0	0	25
146	1455	4525	1623	0	3082	1708	0	0	0	26
147	1457	4533	1624	0	3082	1708	0	0	0	27
148	1458	4537	1624	0	3082	1708	0	0	0	28
149	1458	4540	1625	0	3082	1708	0	0	0	28
150	1459	4543	1625	0	3082	1708	0	0	0	28
151	1463	4560	1627	0	3082	1708	0	0	0	30
152	1461	4550	1626	0	3082	1708	0	0	0	29
153	1475	4617	1633	0	3082	1708	0	0	0	37
154	1484	4657	1638	0	3082	1708	0	0	0	42
155	1484	4657	1638	0	3082	1708	0	0	0	42
156	1481	4647	1636	0	3082	1708	0	0	0	41
157	1485	4663	1638	0	3082	1708	0	0	0	43
158	1492	4696	1642	0	3082	1708	0	0	0	47
159	1494	4707	1643	0	3082	1708	0	0	0	48
160	1497	4718	1644	0	3082	1708	0	0	0	50
161	1497	4718	1644	0	3082	1708	0	0	0	50
162	1497	4719	1644	0	3082	1708	0	0	0	50
163	1496	4712	1643	0	3082	1708	0	0	0	49
164	1490	4686	1641	0	3082	1708	0	0	0	46
165	1492	4694	1642	0	3082	1708	0	0	0	47
166	1483	4652	1637	0	3082	1708	0	0	0	42
167	1463	4562	1627	0	3082	1708	0	0	0	31
168	1469	4588	1630	0	3082	1708	0	0	0	34
169	1461	4550	1626	0	3082	1708	0	0	0	29
170	1457	4534	1624	0	3082	1708	0	0	0	27
171	1454	4521	1623	0	3082	1708	0	0	0	26
172	1454	4521	1623	0	3082	1708	0	0	0	26
173	1454	4521	1623	0	3082	1708	0	0	0	26
174	1456	4527	1623	0	3082	1708	0	0	0	26
175	1454	4521	1623	0	3082	1708	0	0	0	26
176	1455	4526	1623	0	3082	1708	0	0	0	26
177	1464	4564	1627	0	3082	1708	0	0	0	31
178	1467	4582	1629	0	3082	1708	0	0	0	33
179	1467	4582	1629	0	3082	1708	0	0	0	33
180	1478	4629	1634	0	3082	1708	0	0	0	39
181	1490	4685	1641	0	3082	1708	0	0	0	46
182	1492	4695	1642	0	3082	1708	0	0	0	47
183	1500	4731	1646	0	3082	1708	0	0	0	51
184	1500	4731	1646	0	3082	1708	0	0	0	51
185	1500	4731	1646	0	3082	1708	0	0	0	51
186	1500	4732	1646	0	3082	1708	0	0	0	51
187	1492	4695	1642	0	3082	1708	0	0	0	47
188	1484	4661	1638	0	3082	1708	0	0	0	43
189	1472	4601	1631	0	3082	1708	0	0	0	35
190	1463	4560	1627	0	3082	1708	0	0	0	30
191	1447	4487	1619	0	3082	1708	0	0	0	22
192	1456	4530	1624	0	3082	1708	0	0	0	27
193	1462	4557	1627	0	3082	1708	0	0	0	30
194	1459	4541	1625	0	3082	1708	0	0	0	28
195	1455	4523	1623	0	3082	1708	0	0	0	26
196	1455	4523	1623	0	3082	1708	0	0	0	26
197	1456	4530	1624	0	3082	1708	0	0	0	27
198	1463	4561	1627	0	3082	1708	0	0	0	31
199	1460	4549	1626	0	3082	1708	0	0	0	29
200	1457	4531	1624	0	3082	1708	0	0	0	27
201	1466	4576	1629	0	3082	1708	0	0	0	32
202	1469	4587	1630	0	3082	1708	0	0	0	34
203	1469	4587	1630	0	3082	1708	0	0	0	34
204	1479	4634	1635	0	3082	1708	0	0	0	39
205	1486	4669	1639	0	3082	1708	0	0	0	44
206	1491	4691	1641	0	3082	1708	0	0	0	46
207	1493	4701	1642	0	3082	1708	0	0	0	47
208	1496	4712	1644	0	3082	1708	0	0	0	49
209	1496	4712	1644	0	3082	1708	0	0	0	49
210	1496	4713	1644	0	3082	1708	0	0	0	49
211	1491	4691	1641	0	3082	1708	0	0	0	46
212	1485	4663	1638	0	3082	1708	0	0	0	43
213	1481	4646	1636	0	3082	1708	0	0	0	41
214	1466	4577	1629	0	3082	1708	0	0	0	32
215	1452	4512	1622	0	3082	1708	0	0	0	25
216	1463	4559	1627	0	3082	1708	0	0	0	30
217	1453	4517	1622	0	3082	1708	0	0	0	25
218	1456	4530	1624	0	3082	1708	0	0	0	27
219	1456	4531	1624	0	3082	1708	0	0	0	27
220	1456	4530	1624	0	3082	1708	0	0	0	27
221	1457	4534	1624	0	3082	1708	0	0	0	27
222	1451	4506	1621	0	3082	1708	0	0	0	24
223	1454	4521	1623	0	3082	1708	0	0	0	26
224	1452	4512	1622	0	3082	1708	0	0	0	25
225	1462	4557	1627	0	3082	1708	0	0	0	30
226	1470	4594	1631	0	3082	1708	0	0	0	35
227	1478	4631	1635	0	3082	1708	0	0	0	39
228	1478	4630	1635	0	3082	1708	0	0	0	39
229	1486	4669	1639	0	3082	1708	0	0	0	44
230	1493	4701	1642	0	3082	1708	0	0	0	47
231	1493	4701	1642	0	3082	1708	0	0	0	47
232	1493	4701	1642	0	3082	1708	0	0	0	47
233	1493	4702	1642	0	3082	1708	0	0	0	48
234	1494	4702	1642	0	3082	1708	0	0	0	48
235	1484	4659	1638	0	3082	1708	0	0	0	42
236	1477	4627	1634	0	3082	1708	0	0	0	38
237	1479	4636	1635	0	3082	1708	0	0	0	40
238	1470	4595	1631	0	3082	1708	0	0	0	35
239	1444	4472	1617	0	3082	1708	0	0	0	20
240	1443	4468	1617	0	3082	1708	0	0	0	19
241	1443	4467	1617	0	3082	1708	0	0	0	19
242	1442	4464	1617	0	3082	1708	0	0	0	19
243	1442	4464	1617	0	3082	1708	0	0	0	19
244	1442	4464	1617	0	3082	1708	0	0	0	19
245	1443	4470	1617	0	3082	1708	0	0	0	20
246	1441	4461	1616	0	3082	1708	0	0	0	18
247	1446	4481	1618	0	3082	1708	0	0	0	21
248	1445	4480	1618	0	3082	1708	0	0	0	21
249	1448	4491	1619	0	3082	1708	0	0	0	22
250	1447	4489	1619	0	3082	1708	0	0	0	22
251	1451	4505	1621	0	3082	1708	0	0	0	24
252	1456	4529	1624	0	3082	1708	0	0	0	27
253	1459	4542	1625	0	3082	1708	0	0	0	28
254	1469	4589	1630	0	3082	1708	0	0	0	34
255	1469	4589	1630	0	3082	1708	0	0	0	34
256	1469	4589	1630	0	3082	1708	0	0	0	34
257	1469	4590	1630	0	3082	1708	0	0	0	34
258	1462	4558	1627	0	3082	1708	0	0	0	30
259	1459	4545	1625	0	3082	1708	0	0	0	29
260	1459	4545	1625	0	3082	1708	0	0	0	29
261	1458	4536	1624	0	3082	1708	0	0	0	28
262	1455	4523	1623	0	3082	1708	0	0	0	26
263	1443	4469	1617	0	3082	1708	0	0	0	19
264	1439	4450	1615	0	3082	1708	0	0	0	17
265	1438	4445	1614	0	3082	1708	0	0	0	17
266	1435	4432	1613	0	3082	1708	0	0	0	15
267	1435	4432	1613	0	3082	1708	0	0	0	15
268	1435	4432	1613	0	3082	1708	0	0	0	15
269	1435	4432	1613	0	3082	1708	0	0	0	15
270	1435	4432	1613	0	3082	1708	0	0	0	15
271	1435	4432	1613	0	3082	1708	0	0	0	15
272	1437	4442	1614	0	3082	1708	0	0	0	16
273	1442	4463	1616	0	3082	1708	0	0	0	19
274	1442	4463	1616	0	3082	1708	0	0	0	19
275	1442	4463	1616	0	3082	1708	0	0	0	19
276	1442	4463	1616	0	3082	1708	0	0	0	19
277	1452	4510	1622	0	3082	1708	0	0	0	24
278	1455	4523	1623	0	3082	1708	0	0	0	26
279	1459	4545	1625	0	3082	1708	0	0	0	29
280	1459	4545	1625	0	3082	1708	0	0	0	29
281	1464	4567	1628	0	3082	1708	0	0	0	31
282	1464	4567	1628	0	3082	1708	0	0	0	31
283	1459	4545	1625	0	3082	1708	0	0	0	29
284	1457	4532	1624	0	3082	1708	0	0	0	27
285	1451	4506	1621	0	3082	1708	0	0	0	24
286	1447	4485	1619	0	3082	1708	0	0	0	21
287	1437	4442	1614	0	3082	1708	0	0	0	16
288	1437	4440	1614	0	3082	1708	0	0	0	16
289	1437	4443	1614	0	3082	1708	0	0	0	16
290	1437	4443	1614	0	3082	1708	0	0	0	16
291	1437	4443	1614	0	3082	1708	0	0	0	16
292	1437	4443	1614	0	3082	1708	0	0	0	16
293	1437	4443	1614	0	3082	1708	0	0	0	16
294	1437	4443	1614	0	3082	1708	0	0	0	16
295	1441	4460	1616	0	3082	1708	0	0	0	18
296	1443	4467	1617	0	3082	1708	0	0	0	19
297	1442	4465	1617	0	3082	1708	0	0	0	19
298	1442	4465	1617	0	3082	1708	0	0	0	19
299	1442	4465	1617	0	3082	1708	0	0	0	19
300	1442	4465	1617	0	3082	1708	0	0	0	19
301	1442	4465	1617	0	3082	1708	0	0	0	19
302	1448	4490	1619	0	3082	1708	0	0	0	22
303	1448	4490	1619	0	3082	1708	0	0	0	22
304	1448	4490	1619	0	3082	1708	0	0	0	22
305	1448	4490	1619	0	3082	1708	0	0	0	22
306	1448	4490	1619	0	3082	1708	0	0	0	22
307	1448	4490	1619	0	3082	1708	0	0	0	22
308	1448	4492	1620	0	3082	1708	0	0	0	22
309	1448	4492	1620	0	3082	1708	0	0	0	22
310	1443	4466	1617	0	3082	1708	0	0	0	19
311	1442	4465	1617	0	3082	1708	0	0	0	19
312	1444	4475	1618	0	3082	1708	0	0	0	20
313	1449	4496	1620	0	3082	1708	0	0	0	23
314	1445	4476	1618	0	3082	1708	0	0	0	20
315	1443	4470	1617	0	3082	1708	0	0	0	19
316	1443	4470	1617	0	3082	1708	0	0	0	19
317	1443	4470	1617	0	3082	1708	0	0	0	19
318	1444	4472	1617	0	3082	1708	0	0	0	20
319	1446	4482	1618	0	3082	1708	0	0	0	21
320	1443	4468	1617	0	3082	1708	0	0	0	19
321	1446	4482	1619	0	3082	1708	0	0	0	21
322	1445	4478	1618	0	3082	1708	0	0	0	20
323	1447	4489	1619	0	3082	1708	0	0	0	22
324	1462	4558	1627	0	3082	1708	0	0	0	30
325	1467	4579	1629	0	3082	1708	0	0	0	33
326	1467	4579	1629	0	3082	1708	0	0	0	33
327	1467	4580	1629	0	3082	1708	0	0	0	33
328	1467	4580	1629	0	3082	1708	0	0	0	33
329	1467	4580	1629	0	3082	1708	0	0	0	33
330	1467	4580	1629	0	3082	1708	0	0	0	33
331	1464	4567	1628	0	3082	1708	0	0	0	31
332	1462	4554	1626	0	3082	1708	0	0	0	30
333	1459	4541	1625	0	3082	1708	0	0	0	28
334	1452	4509	1621	0	3082	1708	0	0	0	24
335	1442	4465	1617	0	3082	1708	0	0	0	19
336	1448	4491	1620	0	3082	1708	0	0	0	22
337	1461	4552	1626	0	3082	1708	0	0	0	30
338	1459	4544	1625	0	3082	1708	0	0	0	29
339	1459	4545	1625	0	3082	1708	0	0	0	29
340	1459	4544	1625	0	3082	1708	0	0	0	29
341	1459	4544	1625	0	3082	1708	0	0	0	29
342	1460	4546	1625	0	3082	1708	0	0	0	29
343	1470	4593	1631	0	3082	1708	0	0	0	34
344	1483	4654	1637	0	3082	1708	0	0	0	42
345	1492	4696	1642	0	3082	1708	0	0	0	47
346	1495	4709	1643	0	3082	1708	0	0	0	48
347	1495	4708	1643	0	3082	1708	0	0	0	48
348	1502	4741	1647	0	3082	1708	0	0	0	52
349	1502	4741	1647	0	3082	1708	0	0	0	52
350	1504	4753	1648	0	3082	1708	0	0	0	54
351	1512	4789	1652	0	3082	1708	0	0	0	58
352	1515	4800	1653	0	3082	1708	0	0	0	60
353	1515	4801	1653	0	3082	1708	0	0	0	60
354	1515	4801	1653	0	3082	1708	0	0	0	60
355	1512	4790	1652	0	3082	1708	0	0	0	58
356	1512	4790	1652	0	3082	1708	0	0	0	58
357	1515	4801	1653	0	3082	1708	0	0	0	60
358	1510	4779	1651	0	3082	1708	0	0	0	57
359	1485	4662	1638	0	3082	1708	0	0	0	43
360	1465	4568	1628	0	3082	1708	0	0	0	31
361	1462	4557	1627	0	3082	1708	0	0	0	30
362	1461	4554	1626	0	3082	1708	0	0	0	30
363	1461	4554	1626	0	3082	1708	0	0	0	30
364	1461	4554	1626	0	3082	1708	0	0	0	30
365	1461	4554	1626	0	3082	1708	0	0	0	30
366	1462	4555	1626	0	3082	1708	0	0	0	30
367	1467	4580	1629	0	3082	1708	0	0	0	33
368	1474	4610	1632	0	3082	1708	0	0	0	37
369	1480	4638	1635	0	3082	1708	0	0	0	40
370	1480	4638	1635	0	3082	1708	0	0	0	40
371	1482	4651	1637	0	3082	1708	0	0	0	41
372	1485	4664	1638	0	3082	1708	0	0	0	43
373	1491	4691	1641	0	3082	1708	0	0	0	46
374	1496	4715	1644	0	3082	1708	0	0	0	49
375	1496	4714	1644	0	3082	1708	0	0	0	49
376	1496	4714	1644	0	3082	1708	0	0	0	49
377	1496	4714	1644	0	3082	1708	0	0	0	49
378	1498	4725	1645	0	3082	1708	0	0	0	50
379	1497	4716	1644	0	3082	1708	0	0	0	49
380	1502	4742	1647	0	3082	1708	0	0	0	52
381	1497	4720	1644	0	3082	1708	0	0	0	50
382	1488	4677	1640	0	3082	1708	0	0	0	45
383	1470	4596	1631	0	3082	1708	0	0	0	35
384	1464	4568	1628	0	3082	1708	0	0	0	31
385	1457	4532	1624	0	3082	1708	0	0	0	27
386	1457	4532	1624	0	3082	1708	0	0	0	27
387	1457	4532	1624	0	3082	1708	0	0	0	27
388	1457	4532	1624	0	3082	1708	0	0	0	27
389	1457	4532	1624	0	3082	1708	0	0	0	27
390	1457	4534	1624	0	3082	1708	0	0	0	27
391	1457	4532	1624	0	3082	1708	0	0	0	27
392	1453	4514	1622	0	3082	1708	0	0	0	25
393	1460	4547	1626	0	3082	1708	0	0	0	29
394	1465	4573	1628	0	3082	1708	0	0	0	32
395	1465	4573	1628	0	3082	1708	0	0	0	32
396	1469	4587	1630	0	3082	1708	0	0	0	34
397	1475	4618	1633	0	3082	1708	0	0	0	37
398	1475	4618	1633	0	3082	1708	0	0	0	37
399	1480	4640	1636	0	3082	1708	0	0	0	40
400	1480	4640	1636	0	3082	1708	0	0	0	40
401	1480	4641	1636	0	3082	1708	0	0	0	40
402	1477	4628	1634	0	3082	1708	0	0	0	39
403	1472	4602	1632	0	3082	1708	0	0	0	36
404	1472	4602	1632	0	3082	1708	0	0	0	36
405	1472	4602	1632	0	3082	1708	0	0	0	36
406	1477	4624	1634	0	3082	1708	0	0	0	38
407	1458	4536	1624	0	3082	1708	0	0	0	28
408	1455	4525	1623	0	3082	1708	0	0	0	26
409	1447	4487	1619	0	3082	1708	0	0	0	22
410	1447	4487	1619	0	3082	1708	0	0	0	22
411	1446	4484	1619	0	3082	1708	0	0	0	21
412	1446	4484	1619	0	3082	1708	0	0	0	21
413	1446	4484	1619	0	3082	1708	0	0	0	21
414	1447	4489	1619	0	3082	1708	0	0	0	22
415	1448	4489	1619	0	3082	1708	0	0	0	22
416	1451	4504	1621	0	3082	1708	0	0	0	24
417	1467	4579	1629	0	3082	1708	0	0	0	33
418	1467	4579	1629	0	3082	1708	0	0	0	33
419	1470	4592	1630	0	3082	1708	0	0	0	34
420	1475	4618	1633	0	3082	1708	0	0	0	37
421	1486	4669	1639	0	3082	1708	0	0	0	44
422	1486	4669	1639	0	3082	1708	0	0	0	44
423	1486	4669	1639	0	3082	1708	0	0	0	44
424	1486	4670	1639	0	3082	1708	0	0	0	44
425	1484	4657	1638	0	3082	1708	0	0	0	42
426	1478	4631	1635	0	3082	1708	0	0	0	39
427	1473	4606	1632	0	3082	1708	0	0	0	36
428	1473	4606	1632	0	3082	1708	0	0	0	36
429	1473	4606	1632	0	3082	1708	0	0	0	36
430	1466	4575	1629	0	3082	1708	0	0	0	32
431	1456	4527	1623	0	3082	1708	0	0	0	26
432	1451	4507	1621	0	3082	1708	0	0	0	24
433	1441	4458	1616	0	3082	1708	0	0	0	18
434	1441	4458	1616	0	3082	1708	0	0	0	18
435	1440	4455	1616	0	3082	1708	0	0	0	18
436	1440	4455	1616	0	3082	1708	0	0	0	18
437	1440	4455	1616	0	3082	1708	0	0	0	18
438	1440	4455	1616	0	3082	1708	0	0	0	18
439	1442	4463	1616	0	3082	1708	0	0	0	19
440	1443	4469	1617	0	3082	1708	0	0	0	19
441	1446	4482	1618	0	3082	1708	0	0	0	21
442	1446	4482	1618	0	3082	1708	0	0	0	21
443	1454	4520	1623	0	3082	1708	0	0	0	26
444	1453	4516	1622	0	3082	1708	0	0	0	25
445	1458	4538	1625	0	3082	1708	0	0	0	28
446	1458	4538	1625	0	3082	1708	0	0	0	28
447	1458	4538	1625	0	3082	1708	0	0	0	28
448	1458	4538	1625	0	3082	1708	0	0	0	28
449	1461	4550	1626	0	3082	1708	0	0	0	29
450	1461	4550	1626	0	3082	1708	0	0	0	29
451	1463	4563	1627	0	3082	1708	0	0	0	31
452	1458	4538	1625	0	3082	1708	0	0	0	28
453	1459	4542	1625	0	3082	1708	0	0	0	28
454	1454	4520	1623	0	3082	1708	0	0	0	26
455	1443	4471	1617	0	3082	1708	0	0	0	20
456	1444	4472	1617	0	3082	1708	0	0	0	20
457	1440	4455	1616	0	3082	1708	0	0	0	18
458	1440	4455	1616	0	3082	1708	0	0	0	18
459	1440	4455	1616	0	3082	1708	0	0	0	18
460	1440	4455	1616	0	3082	1708	0	0	0	18
461	1440	4455	1616	0	3082	1708	0	0	0	18
462	1440	4455	1616	0	3082	1708	0	0	0	18
463	1442	4466	1617	0	3082	1708	0	0	0	19
464	1447	4489	1619	0	3082	1708	0	0	0	22
465	1450	4503	1621	0	3082	1708	0	0	0	23
466	1450	4503	1621	0	3082	1708	0	0	0	23
467	1450	4503	1621	0	3082	1708	0	0	0	23
468	1450	4503	1621	0	3082	1708	0	0	0	23
469	1450	4503	1621	0	3082	1708	0	0	0	23
470	1450	4503	1621	0	3082	1708	0	0	0	23
471	1455	4524	1623	0	3082	1708	0	0	0	26
472	1460	4546	1625	0	3082	1708	0	0	0	29
473	1465	4572	1628	0	3082	1708	0	0	0	32
474	1473	4606	1632	0	3082	1708	0	0	0	36
475	1473	4606	1632	0	3082	1708	0	0	0	36
476	1473	4606	1632	0	3082	1708	0	0	0	36
477	1468	4586	1630	0	3082	1708	0	0	0	34
478	1464	4565	1627	0	3082	1708	0	0	0	31
479	1451	4505	1621	0	3082	1708	0	0	0	24
480	1448	4491	1620	0	3082	1708	0	0	0	22
481	1456	4528	1624	0	3082	1708	0	0	0	27
482	1455	4522	1623	0	3082	1708	0	0	0	26
483	1455	4522	1623	0	3082	1708	0	0	0	26
484	1455	4522	1623	0	3082	1708	0	0	0	26
485	1455	4522	1623	0	3082	1708	0	0	0	26
486	1455	4526	1623	0	3082	1708	0	0	0	26
487	1459	4543	1625	0	3082	1708	0	0	0	28
488	1462	4557	1627	0	3082	1708	0	0	0	30
489	1473	4609	1632	0	3082	1708	0	0	0	36
490	1476	4621	1634	0	3082	1708	0	0	0	38
491	1486	4669	1639	0	3082	1708	0	0	0	44
492	1498	4725	1645	0	3082	1708	0	0	0	50
493	1501	4737	1646	0	3082	1708	0	0	0	52
494	1502	4744	1647	0	3082	1708	0	0	0	53
495	1503	4744	1647	0	3082	1708	0	0	0	53
496	1503	4744	1647	0	3082	1708	0	0	0	53
497	1503	4745	1647	0	3082	1708	0	0	0	53
498	1501	4738	1646	0	3082	1708	0	0	0	52
499	1498	4725	1645	0	3082	1708	0	0	0	50
500	1498	4725	1645	0	3082	1708	0	0	0	50
501	1495	4710	1643	0	3082	1708	0	0	0	49
502	1480	4640	1636	0	3082	1708	0	0	0	40
503	1460	4547	1626	0	3082	1708	0	0	0	29
504	1457	4534	1624	0	3082	1708	0	0	0	27
505	1442	4462	1616	0	3082	1708	0	0	0	19
506	1441	4459	1616	0	3082	1708	0	0	0	18
507	1441	4459	1616	0	3082	1708	0	0	0	18
508	1441	4459	1616	0	3082	1708	0	0	0	18
509	1441	4459	1616	0	3082	1708	0	0	0	18
510	1441	4461	1616	0	3082	1708	0	0	0	18
511	1442	4463	1616	0	3082	1708	0	0	0	19
512	1445	4479	1618	0	3082	1708	0	0	0	21
513	1450	4501	1621	0	3082	1708	0	0	0	23
514	1456	4527	1623	0	3082	1708	0	0	0	26
515	1456	4529	1624	0	3082	1708	0	0	0	27
516	1459	4542	1625	0	3082	1708	0	0	0	28
517	1458	4540	1625	0	3082	1708	0	0	0	28
518	1463	4562	1627	0	3082	1708	0	0	0	31
519	1470	4594	1631	0	3082	1708	0	0	0	35
520	1475	4616	1633	0	3082	1708	0	0	0	37
521	1475	4616	1633	0	3082	1708	0	0	0	37
522	1473	4606	1632	0	3082	1708	0	0	0	36
523	1473	4606	1632	0	3082	1708	0	0	0	36
524	1464	4568	1628	0	3082	1708	0	0	0	31
525	1460	4546	1625	0	3082	1708	0	0	0	29
526	1454	4519	1623	0	3082	1708	0	0	0	25
527	1441	4458	1616	0	3082	1708	0	0	0	18
528	1441	4458	1616	0	3082	1708	0	0	0	18
529	1440	4456	1616	0	3082	1708	0	0	0	18
530	1440	4456	1616	0	3082	1708	0	0	0	18
531	1440	4456	1616	0	3082	1708	0	0	0	18
532	1440	4456	1616	0	3082	1708	0	0	0	18
533	1440	4456	1616	0	3082	1708	0	0	0	18
534	1441	4458	1616	0	3082	1708	0	0	0	18
535	1442	4462	1616	0	3082	1708	0	0	0	19
536	1437	4442	1614	0	3082	1708	0	0	0	16
537	1446	4481	1618	0	3082	1708	0	0	0	21
538	1446	4482	1619	0	3082	1708	0	0	0	21
539	1449	4495	1620	0	3082	1708	0	0	0	23
540	1458	4540	1625	0	3082	1708	0	0	0	28
541	1463	4561	1627	0	3082	1708	0	0	0	31
542	1463	4561	1627	0	3082	1708	0	0	0	31
543	1466	4574	1629	0	3082	1708	0	0	0	32
544	1468	4584	1630	0	3082	1708	0	0	0	33
545	1470	4592	1630	0	3082	1708	0	0	0	34
546	1470	4592	1630	0	3082	1708	0	0	0	34
547	1466	4574	1629	0	3082	1708	0	0	0	32
548	1466	4574	1629	0	3082	1708	0	0	0	32
549	1462	4556	1627	0	3082	1708	0	0	0	30
550	1454	4521	1623	0	3082	1708	0	0	0	26
551	1439	4448	1615	0	3082	1708	0	0	0	17
552	1445	4477	1618	0	3082	1708	0	0	0	20
553	1444	4472	1617	0	3082	1708	0	0	0	20
554	1444	4472	1617	0	3082	1708	0	0	0	20
555	1444	4472	1617	0	3082	1708	0	0	0	20
556	1444	4472	1617	0	3082	1708	0	0	0	20
557	1444	4472	1617	0	3082	1708	0	0	0	20
558	1444	4473	1618	0	3082	1708	0	0	0	20
559	1448	4493	1620	0	3082	1708	0	0	0	22
560	1454	4520	1623	0	3082	1708	0	0	0	26
561	1463	4563	1627	0	3082	1708	0	0	0	31
562	1466	4574	1629	0	3082	1708	0	0	0	32
563	1471	4600	1631	0	3082	1708	0	0	0	35
564	1478	4632	1635	0	3082	1708	0	0	0	39
565	1486	4667	1639	0	3082	1708	0	0	0	43
566	1488	4677	1640	0	3082	1708	0	0	0	45
567	1488	4677	1640	0	3082	1708	0	0	0	45
568	1490	4688	1641	0	3082	1708	0	0	0	46
569	1493	4699	1642	0	3082	1708	0	0	0	47
570	1493	4699	1642	0	3082	1708	0	0	0	47
571	1491	4689	1641	0	3082	1708	0	0	0	46
572	1484	4656	1637	0	3082	1708	0	0	0	42
573	1475	4616	1633	0	3082	1708	0	0	0	37
574	1469	4590	1630	0	3082	1708	0	0	0	34
575	1452	4509	1621	0	3082	1708	0	0	0	24
576	1449	4497	1620	0	3082	1708	0	0	0	23
577	1449	4495	1620	0	3082	1708	0	0	0	23
578	1446	4485	1619	0	3082	1708	0	0	0	21
579	1447	4485	1619	0	3082	1708	0	0	0	21
580	1446	4485	1619	0	3082	1708	0	0	0	21
581	1448	4490	1619	0	3082	1708	0	0	0	22
582	1449	4495	1620	0	3082	1708	0	0	0	23
583	1461	4553	1626	0	3082	1708	0	0	0	30
584	1458	4539	1625	0	3082	1708	0	0	0	28
585	1471	4599	1631	0	3082	1708	0	0	0	35
586	1472	4604	1632	0	3082	1708	0	0	0	36
587	1472	4604	1632	0	3082	1708	0	0	0	36
588	1485	4662	1638	0	3082	1708	0	0	0	43
589	1492	4694	1642	0	3082	1708	0	0	0	47
590	1495	4707	1643	0	3082	1708	0	0	0	48
591	1496	4714	1644	0	3082	1708	0	0	0	49
592	1498	4724	1645	0	3082	1708	0	0	0	50
593	1499	4728	1645	0	3082	1708	0	0	0	51
594	1496	4715	1644	0	3082	1708	0	0	0	49
595	1494	4705	1643	0	3082	1708	0	0	0	48
596	1487	4672	1639	0	3082	1708	0	0	0	44
597	1484	4658	1638	0	3082	1708	0	0	0	42
598	1480	4639	1636	0	3082	1708	0	0	0	40
599	1447	4488	1619	0	3082	1708	0	0	0	22
600	1447	4485	1619	0	3082	1708	0	0	0	21
601	1437	4443	1614	0	3082	1708	0	0	0	16
602	1437	4443	1614	0	3082	1708	0	0	0	16
603	1437	4443	1614	0	3082	1708	0	0	0	16
604	1437	4443	1614	0	3082	1708	0	0	0	16
605	1437	4443	1614	0	3082	1708	0	0	0	16
606	1439	4449	1615	0	3082	1708	0	0	0	17
607	1440	4455	1616	0	3082	1708	0	0	0	18
608	1443	4468	1617	0	3082	1708	0	0	0	19
609	1448	4491	1619	0	3082	1708	0	0	0	22
610	1447	4485	1619	0	3082	1708	0	0	0	21
611	1447	4485	1619	0	3082	1708	0	0	0	21
612	1454	4518	1622	0	3082	1708	0	0	0	25
613	1461	4550	1626	0	3082	1708	0	0	0	29
614	1469	4588	1630	0	3082	1708	0	0	0	34
615	1469	4588	1630	0	3082	1708	0	0	0	34
616	1471	4599	1631	0	3082	1708	0	0	0	35
617	1473	4610	1632	0	3082	1708	0	0	0	36
618	1473	4609	1632	0	3082	1708	0	0	0	36
619	1471	4599	1631	0	3082	1708	0	0	0	35
620	1466	4577	1629	0	3082	1708	0	0	0	33
621	1459	4545	1625	0	3082	1708	0	0	0	29
622	1458	4537	1624	0	3082	1708	0	0	0	28
623	1439	4451	1615	0	3082	1708	0	0	0	17
624	1440	4453	1615	0	3082	1708	0	0	0	18
625	1440	4456	1616	0	3082	1708	0	0	0	18
626	1437	4443	1614	0	3082	1708	0	0	0	16
627	1437	4443	1614	0	3082	1708	0	0	0	16
628	1437	4443	1614	0	3082	1708	0	0	0	16
629	1437	4443	1614	0	3082	1708	0	0	0	16
630	1439	4450	1615	0	3082	1708	0	0	0	17
631	1444	4475	1618	0	3082	1708	0	0	0	20
632	1446	4484	1619	0	3082	1708	0	0	0	21
633	1457	4535	1624	0	3082	1708	0	0	0	27
634	1457	4535	1624	0	3082	1708	0	0	0	27
635	1457	4534	1624	0	3082	1708	0	0	0	27
636	1464	4564	1627	0	3082	1708	0	0	0	31
637	1474	4611	1633	0	3082	1708	0	0	0	37
638	1480	4640	1636	0	3082	1708	0	0	0	40
639	1480	4640	1636	0	3082	1708	0	0	0	40
640	1482	4651	1637	0	3082	1708	0	0	0	41
641	1485	4662	1638	0	3082	1708	0	0	0	43
642	1483	4654	1637	0	3082	1708	0	0	0	42
643	1481	4645	1636	0	3082	1708	0	0	0	41
644	1476	4623	1634	0	3082	1708	0	0	0	38
645	1471	4599	1631	0	3082	1708	0	0	0	35
646	1464	4566	1628	0	3082	1708	0	0	0	31
647	1444	4475	1618	0	3082	1708	0	0	0	20
648	1440	4456	1616	0	3082	1708	0	0	0	18
649	1437	4439	1614	0	3082	1708	0	0	0	16
650	1448	4492	1620	0	3082	1708	0	0	0	22
651	1448	4492	1620	0	3082	1708	0	0	0	22
652	1451	4505	1621	0	3082	1708	0	0	0	24
653	1453	4515	1622	0	3082	1708	0	0	0	25
654	1459	4543	1625	0	3082	1708	0	0	0	28
655	1465	4572	1628	0	3082	1708	0	0	0	32
656	1473	4607	1632	0	3082	1708	0	0	0	36
657	1488	4678	1640	0	3082	1708	0	0	0	45
658	1494	4704	1643	0	3082	1708	0	0	0	48
659	1496	4715	1644	0	3082	1708	0	0	0	49
660	1507	4763	1649	0	3082	1708	0	0	0	55
661	1511	4784	1651	0	3082	1708	0	0	0	58
662	1519	4818	1655	0	3082	1708	0	0	0	62
663	1520	4825	1656	0	3082	1708	0	0	0	62
664	1522	4836	1657	0	3082	1708	0	0	0	64
665	1522	4836	1657	0	3082	1708	0	0	0	64
666	1521	4830	1656	0	3082	1708	0	0	0	63
667	1521	4829	1656	0	3082	1708	0	0	0	63
668	1516	4808	1654	0	3082	1708	0	0	0	60
669	1506	4762	1649	0	3082	1708	0	0	0	55
670	1495	4708	1643	0	3082	1708	0	0	0	48
671	1465	4568	1628	0	3082	1708	0	0	0	31
672	1461	4550	1626	0	3082	1708	0	0	0	29
673	1458	4539	1625	0	3082	1708	0	0	0	28
674	1459	4545	1625	0	3082	1708	0	0	0	29
675	1459	4545	1625	0	3082	1708	0	0	0	29
676	1459	4545	1625	0	3082	1708	0	0	0	29
677	1463	4561	1627	0	3082	1708	0	0	0	31
678	1470	4595	1631	0	3082	1708	0	0	0	35
679	1478	4629	1635	0	3082	1708	0	0	0	39
680	1477	4628	1634	0	3082	1708	0	0	0	39
681	1497	4717	1644	0	3082	1708	0	0	0	49
682	1518	4816	1655	0	3082	1708	0	0	0	61
683	1521	4832	1657	0	3082	1708	0	0	0	63
684	1531	4875	1661	0	3082	1708	0	0	0	68
685	1535	4897	1664	0	3082	1708	0	0	0	71
686	1542	4925	1667	0	3082	1708	0	0	0	75
687	1542	4925	1667	0	3082	1708	0	0	0	75
688	1541	4923	1667	0	3082	1708	0	0	0	74
689	1541	4923	1667	0	3082	1708	0	0	0	74
690	1540	4916	1666	0	3082	1708	0	0	0	74
691	1538	4906	1665	0	3082	1708	0	0	0	72
692	1527	4859	1660	0	3082	1708	0	0	0	67
693	1524	4842	1658	0	3082	1708	0	0	0	65
694	1510	4777	1651	0	3082	1708	0	0	0	57
695	1481	4646	1636	0	3082	1708	0	0	0	41
696	1469	4587	1630	0	3082	1708	0	0	0	34
697	1464	4568	1628	0	3082	1708	0	0	0	31
698	1464	4568	1628	0	3082	1708	0	0	0	31
699	1464	4568	1628	0	3082	1708	0	0	0	31
700	1464	4568	1628	0	3082	1708	0	0	0	31
701	1464	4568	1628	0	3082	1708	0	0	0	31
702	1467	4578	1629	0	3082	1708	0	0	0	33
703	1470	4593	1631	0	3082	1708	0	0	0	34
704	1486	4667	1639	0	3082	1708	0	0	0	43
705	1503	4748	1647	0	3082	1708	0	0	0	53
706	1515	4800	1653	0	3082	1708	0	0	0	59
707	1513	4795	1653	0	3082	1708	0	0	0	59
708	1521	4828	1656	0	3082	1708	0	0	0	63
709	1529	4865	1660	0	3082	1708	0	0	0	67
710	1531	4877	1662	0	3082	1708	0	0	0	69
711	1529	4867	1660	0	3082	1708	0	0	0	68
712	1529	4867	1660	0	3082	1708	0	0	0	68
713	1531	4878	1662	0	3082	1708	0	0	0	69
714	1531	4878	1662	0	3082	1708	0	0	0	69
715	1533	4883	1662	0	3082	1708	0	0	0	70
716	1533	4884	1662	0	3082	1708	0	0	0	70
717	1509	4773	1650	0	3082	1708	0	0	0	56
718	1490	4688	1641	0	3082	1708	0	0	0	46
719	1474	4613	1633	0	3082	1708	0	0	0	37
720	1456	4530	1624	0	3082	1708	0	0	0	27
;

param p_act  :=    

1	24.41
2	20.20
3	17.11
4	13.85
5	12.46
6	9.00
7	17.32
8	25.33
9	22.43
10	29.84
11	36.51
12	40.79
13	32.36
14	42.38
15	50.53
16	53.77
17	50.44
18	35.60
19	27.20
20	24.95
21	39.43
22	38.51
23	24.07
24	23.65
25	21.73
26	22.63
27	19.43
28	19.00
29	19.29
30	24.59
31	49.32
32	30.93
33	18.69
34	19.98
35	26.62
36	27.12
37	29.10
38	51.91
39	65.55
40	69.54
41	65.68
42	48.80
43	47.00
44	36.28
45	55.02
46	45.12
47	37.87
48	31.10
49	27.28
50	23.80
51	18.25
52	16.92
53	18.43
54	20.14
55	37.75
56	41.43
57	39.66
58	56.58
59	37.53
60	38.28
61	43.77
62	44.33
63	43.77
64	43.70
65	42.52
66	30.52
67	22.65
68	19.97
69	26.39
70	31.85
71	20.94
72	21.42
73	18.64
74	17.54
75	12.43
76	10.90
77	10.90
78	12.05
79	16.23
80	15.43
81	24.42
82	19.96
83	19.08
84	24.14
85	23.24
86	23.05
87	24.47
88	24.75
89	24.32
90	22.88
91	19.06
92	17.00
93	19.62
94	20.02
95	19.40
96	19.08
97	16.86
98	16.42
99	16.57
100	14.18
101	11.65
102	11.59
103	1.00
104	14.61
105	27.38
106	19.71
107	22.99
108	26.03
109	25.32
110	20.28
111	20.13
112	26.37
113	44.72
114	17.68
115	16.77
116	17.09
117	19.34
118	18.78
119	17.09
120	13.11
121	10.72
122	5.53
123	1.00
124	1.00
125	1.00
126	1.00
127	6.98
128	11.11
129	12.97
130	15.15
131	13.68
132	15.59
133	16.78
134	17.82
135	20.00
136	22.94
137	24.48
138	23.82
139	22.02
140	18.95
141	31.18
142	63.55
143	21.06
144	18.53
145	9.23
146	10.39
147	11.40
148	11.19
149	10.04
150	10.90
151	12.83
152	24.94
153	21.43
154	31.48
155	57.58
156	144.53
157	475.28
158	800.00
159	850.00
160	850.00
161	850.00
162	850.00
163	275.64
164	95.33
165	531.27
166	367.22
167	45.75
168	24.90
169	19.05
170	19.00
171	18.62
172	13.91
173	13.08
174	13.80
175	31.32
176	53.24
177	63.42
178	75.00
179	278.05
180	825.00
181	850.00
182	305.88
183	128.58
184	785.00
185	850.00
186	465.77
187	62.50
188	56.20
189	60.27
190	61.10
191	43.62
192	23.69
193	22.43
194	18.17
195	18.22
196	12.82
197	13.46
198	13.88
199	31.93
200	42.89
201	46.90
202	44.30
203	40.78
204	46.22
205	49.70
206	59.11
207	71.15
208	65.00
209	74.25
210	70.22
211	41.62
212	23.49
213	32.83
214	26.48
215	20.52
216	16.37
217	16.45
218	12.94
219	11.35
220	11.20
221	11.04
222	11.52
223	14.13
224	21.51
225	19.10
226	18.83
227	21.94
228	25.88
229	21.62
230	23.33
231	31.67
232	30.02
233	21.54
234	19.75
235	17.32
236	15.32
237	20.25
238	22.14
239	16.08
240	8.02
241	10.72
242	10.58
243	10.58
244	10.51
245	10.52
246	10.64
247	11.03
248	17.89
249	30.60
250	30.73
251	33.13
252	34.52
253	34.47
254	39.48
255	48.80
256	42.12
257	32.35
258	35.26
259	25.90
260	35.52
261	52.00
262	44.54
263	20.81
264	14.32
265	11.28
266	12.44
267	12.57
268	10.91
269	10.77
270	10.88
271	11.28
272	12.67
273	12.96
274	14.84
275	17.22
276	17.21
277	19.40
278	19.16
279	19.00
280	18.87
281	18.00
282	18.79
283	19.26
284	18.08
285	42.52
286	69.24
287	20.29
288	16.77
289	14.85
290	14.13
291	11.26
292	10.96
293	10.80
294	10.56
295	10.43
296	11.14
297	15.73
298	15.97
299	21.13
300	25.44
301	24.97
302	19.05
303	20.96
304	23.46
305	23.42
306	19.27
307	18.39
308	14.07
309	15.94
310	19.82
311	17.98
312	14.63
313	13.98
314	14.73
315	11.74
316	11.40
317	13.84
318	14.07
319	13.50
320	19.91
321	44.64
322	24.96
323	31.72
324	42.42
325	40.00
326	33.29
327	38.86
328	52.80
329	44.06
330	25.77
331	31.09
332	30.69
333	26.98
334	27.59
335	22.37
336	18.02
337	16.57
338	16.98
339	16.19
340	14.04
341	10.98
342	12.94
343	16.32
344	16.26
345	18.86
346	21.90
347	29.07
348	24.88
349	23.28
350	28.24
351	29.30
352	29.74
353	33.31
354	30.36
355	24.73
356	18.20
357	18.51
358	19.40
359	17.39
360	11.91
361	10.29
362	10.67
363	10.77
364	10.61
365	10.52
366	10.88
367	11.75
368	13.18
369	17.98
370	19.75
371	20.00
372	20.25
373	21.46
374	22.25
375	19.01
376	16.97
377	19.87
378	22.92
379	15.58
380	13.54
381	19.98
382	16.53
383	12.02
384	10.86
385	11.25
386	11.04
387	10.93
388	10.62
389	10.90
390	12.36
391	13.49
392	23.84
393	12.36
394	16.23
395	30.65
396	25.05
397	12.69
398	16.26
399	14.34
400	13.92
401	14.63
402	15.00
403	14.52
404	13.04
405	13.52
406	14.21
407	11.33
408	10.54
409	10.32
410	4.46
411	0.77
412	1.00
413	8.70
414	10.72
415	10.82
416	12.96
417	17.32
418	19.05
419	15.91
420	18.00
421	17.07
422	17.29
423	18.83
424	18.80
425	17.05
426	15.79
427	15.07
428	12.09
429	12.23
430	15.86
431	13.79
432	11.54
433	10.56
434	10.60
435	10.34
436	4.18
437	1.00
438	1.00
439	1.00
440	9.86
441	18.74
442	18.33
443	18.88
444	16.27
445	14.87
446	16.02
447	14.15
448	16.50
449	16.82
450	16.30
451	12.72
452	12.97
453	16.04
454	22.64
455	14.27
456	11.12
457	7.91
458	0.08
459	1.00
460	1.00
461	1.00
462	1.00
463	1.00
464	3.56
465	11.18
466	13.32
467	13.49
468	12.37
469	13.67
470	12.28
471	10.52
472	10.59
473	11.16
474	10.87
475	10.22
476	10.45
477	14.88
478	14.78
479	12.74
480	10.32
481	5.12
482	1.00
483	6.84
484	10.23
485	10.06
486	8.72
487	10.68
488	13.01
489	12.08
490	14.25
491	21.01
492	27.21
493	14.18
494	16.34
495	16.38
496	16.70
497	19.99
498	20.73
499	14.22
500	14.22
501	14.54
502	19.83
503	14.24
504	10.77
505	10.68
506	11.15
507	10.72
508	10.56
509	10.48
510	12.27
511	13.32
512	14.93
513	36.35
514	53.70
515	31.98
516	16.62
517	35.70
518	46.72
519	22.78
520	35.32
521	48.61
522	30.30
523	24.54
524	20.05
525	20.11
526	26.91
527	17.82
528	14.26
529	11.69
530	12.85
531	10.83
532	10.60
533	10.84
534	12.69
535	12.57
536	16.70
537	17.12
538	22.98
539	20.88
540	28.05
541	27.55
542	27.44
543	30.95
544	32.65
545	34.54
546	29.97
547	25.11
548	20.66
549	23.06
550	23.48
551	17.97
552	15.11
553	16.22
554	14.23
555	10.79
556	10.28
557	10.50
558	11.05
559	11.43
560	12.92
561	15.80
562	17.63
563	19.25
564	22.68
565	23.12
566	25.87
567	25.32
568	25.72
569	28.17
570	27.45
571	17.84
572	15.73
573	13.79
574	19.83
575	17.46
576	13.92
577	13.53
578	13.22
579	11.94
580	10.80
581	10.79
582	10.93
583	12.45
584	13.73
585	15.51
586	21.34
587	22.92
588	27.40
589	28.18
590	26.94
591	38.72
592	46.73
593	33.01
594	29.83
595	25.03
596	24.56
597	32.01
598	28.76
599	30.58
600	18.82
601	20.30
602	18.24
603	19.69
604	16.47
605	13.76
606	14.00
607	11.87
608	15.65
609	44.56
610	31.80
611	58.73
612	32.33
613	28.27
614	34.91
615	46.24
616	49.57
617	51.57
618	52.07
619	41.13
620	29.88
621	45.00
622	38.73
623	27.73
624	26.47
625	19.22
626	19.60
627	16.76
628	12.83
629	13.01
630	10.55
631	9.99
632	11.93
633	20.92
634	22.30
635	45.75
636	45.50
637	28.73
638	44.82
639	44.36
640	45.24
641	57.62
642	63.60
643	38.22
644	25.55
645	37.39
646	64.08
647	42.96
648	31.72
649	22.24
650	22.20
651	20.49
652	18.77
653	19.48
654	19.98
655	23.37
656	28.44
657	29.14
658	39.08
659	31.17
660	27.24
661	35.97
662	63.22
663	73.04
664	68.40
665	48.85
666	40.66
667	31.47
668	26.87
669	37.20
670	40.39
671	28.59
672	33.45
673	22.25
674	20.75
675	19.62
676	17.55
677	13.91
678	17.43
679	17.96
680	26.47
681	24.47
682	30.13
683	40.60
684	43.29
685	42.93
686	67.25
687	64.50
688	59.50
689	59.50
690	56.51
691	36.05
692	31.94
693	31.49
694	34.49
695	27.31
696	25.13
697	23.47
698	20.22
699	18.12
700	12.11
701	13.53
702	13.40
703	12.31
704	14.17
705	11.07
706	11.28
707	18.50
708	19.75
709	18.78
710	19.62
711	22.00
712	22.00
713	21.94
714	20.96
715	17.40
716	17.75
717	24.08
718	20.09
719	17.12
720	17.08
;

param a_hat :=

1	25327
2	24009
3	23487
4	23111
5	23120
6	24524
7	28020
8	31408
9	33917
10	36102
11	37792
12	38997
13	39575
14	40681
15	40989
16	41277
17	41596
18	40739
19	39373
20	38344
21	38409
22	38075
23	34635
24	31157
25	28306
26	26507
27	25609
28	24959
29	25068
30	26650
31	29695
32	33216
33	35052
34	36845
35	38608
36	39825
37	40534
38	41611
39	42648
40	43399
41	43664
42	43395
43	42461
44	41162
45	40747
46	40378
47	36934
48	32720
49	29677
50	27857
51	26782
52	26164
53	26028
54	27371
55	30447
56	33834
57	35794
58	37454
59	38722
60	39449
61	39287
62	39602
63	39774
64	39929
65	40044
66	39519
67	37853
68	36270
69	35839
70	35611
71	32421
72	28530
73	25969
74	24217
75	23428
76	22737
77	22893
78	24195
79	27020
80	29678
81	31263
82	32701
83	33624
84	33944
85	34384
86	34583
87	34816
88	34919
89	35014
90	34537
91	33368
92	31922
93	31384
94	31417
95	28955
96	26064
97	23515
98	22034
99	21308
100	20792
101	20594
102	20711
103	21459
104	23224
105	25720
106	27824
107	28930
108	29565
109	29578
110	29795
111	29522
112	29461
113	29647
114	29814
115	28868
116	28050
117	28086
118	28205
119	26497
120	24527
121	22289
122	20942
123	19944
124	19632
125	19328
126	19385
127	19513
128	21170
129	23417
130	25289
131	27077
132	27759
133	28660
134	29272
135	29833
136	30488
137	31422
138	32006
139	31853
140	31378
141	31741
142	32874
143	30987
144	28340
145	26304
146	24347
147	23763
148	23439
149	23534
150	25037
151	28286
152	32246
153	35514
154	37827
155	40551
156	41211
157	44246
158	46267
159	46974
160	48071
161	48968
162	48528
163	47506
164	45932
165	45506
166	44579
167	41743
168	37720
169	34082
170	30842
171	30305
172	29689
173	29313
174	30413
175	33232
176	37139
177	40486
178	42844
179	44579
180	46104
181	46975
182	48330
183	48157
184	48521
185	48980
186	48654
187	47832
188	46091
189	45200
190	44632
191	40767
192	36824
193	32785
194	30641
195	29201
196	28378
197	27976
198	29028
199	31764
200	35363
201	38398
202	40579
203	42276
204	43275
205	44147
206	45139
207	45846
208	45855
209	45698
210	45031
211	43478
212	41418
213	39943
214	38914
215	35523
216	31747
217	28307
218	26846
219	25682
220	25123
221	25131
222	26575
223	29108
224	31481
225	32941
226	33591
227	33876
228	34291
229	34187
230	34465
231	34473
232	34450
233	34255
234	33605
235	32690
236	31569
237	31720
238	31870
239	29512
240	26693
241	24022
242	22609
243	22067
244	21868
245	22026
246	23291
247	25912
248	28668
249	30583
250	31829
251	32768
252	33401
253	33705
254	34119
255	34462
256	34674
257	34681
258	34309
259	33266
260	31671
261	31000
262	31154
263	29271
264	26613
265	23900
266	22245
267	21452
268	20899
269	20734
270	20812
271	21357
272	23338
273	25631
274	27297
275	28503
276	29166
277	29077
278	28983
279	28823
280	28722
281	28822
282	28793
283	28649
284	28491
285	28723
286	29555
287	27925
288	25936
289	23741
290	22647
291	21792
292	21318
293	21109
294	21211
295	21292
296	22438
297	24646
298	26559
299	27848
300	28874
301	29777
302	30330
303	30208
304	30253
305	30440
306	30821
307	30520
308	30115
309	30289
310	31077
311	29363
312	26930
313	24640
314	23508
315	22956
316	22726
317	22978
318	24921
319	27578
320	30922
321	33303
322	35323
323	36222
324	37273
325	38644
326	39467
327	39938
328	40121
329	40640
330	39512
331	37791
332	37226
333	37060
334	36263
335	33527
336	30178
337	27312
338	26045
339	24960
340	24459
341	24333
342	25451
343	28202
344	30982
345	32863
346	34409
347	35505
348	36708
349	36882
350	37683
351	38072
352	38420
353	38525
354	38224
355	36825
356	35368
357	34812
358	34748
359	31792
360	29367
361	25544
362	23893
363	23077
364	22430
365	22524
366	23695
367	26176
368	28651
369	30492
370	31505
371	32671
372	33271
373	33629
374	34175
375	34357
376	34325
377	33954
378	33329
379	32228
380	31412
381	31862
382	31820
383	29641
384	26884
385	24315
386	23084
387	22511
388	22164
389	22349
390	24047
391	26739
392	29307
393	30571
394	31674
395	32666
396	33120
397	32889
398	32637
399	32300
400	31974
401	31698
402	31450
403	30720
404	30274
405	30319
406	29907
407	27704
408	25048
409	22814
410	21629
411	21075
412	20650
413	21039
414	22651
415	24875
416	27727
417	29268
418	30580
419	31369
420	31743
421	31859
422	31947
423	31960
424	31737
425	31602
426	30983
427	30038
428	29246
429	28751
430	29241
431	27623
432	25214
433	22643
434	21161
435	20445
436	20001
437	19854
438	19960
439	20797
440	22512
441	24735
442	27046
443	28193
444	28679
445	28649
446	28622
447	28448
448	28394
449	28641
450	28462
451	28005
452	27225
453	27312
454	27750
455	27360
456	27304
457	22242
458	20765
459	19760
460	19526
461	19488
462	19490
463	19631
464	20699
465	22449
466	24133
467	25537
468	25869
469	26049
470	26008
471	25563
472	25282
473	25274
474	25472
475	25344
476	25263
477	26105
478	26688
479	25192
480	23735
481	21775
482	20760
483	20111
484	20344
485	20839
486	22418
487	24878
488	27989
489	29655
490	30553
491	31757
492	32177
493	32452
494	32235
495	31896
496	31556
497	31403
498	31283
499	30386
500	29981
501	29995
502	29942
503	28321
504	25637
505	22940
506	21741
507	21207
508	20982
509	21063
510	22345
511	24956
512	27784
513	29854
514	31674
515	33356
516	33666
517	33760
518	34988
519	35159
520	35519
521	35770
522	35985
523	35037
524	33945
525	33494
526	33743
527	31038
528	28084
529	25301
530	23698
531	22980
532	22390
533	22434
534	23808
535	26056
536	29134
537	31628
538	33245
539	35284
540	36292
541	37655
542	38508
543	39170
544	39376
545	39805
546	39508
547	38188
548	36822
549	35910
550	35792
551	32940
552	29563
553	26533
554	24881
555	23941
556	23169
557	23108
558	24190
559	26825
560	29943
561	32740
562	34345
563	35872
564	36876
565	37505
566	38317
567	38951
568	39174
569	39287
570	39203
571	37918
572	36423
573	35440
574	35225
575	32815
576	29374
577	26354
578	24845
579	23831
580	23301
581	23385
582	24754
583	27106
584	30296
585	32504
586	34440
587	36269
588	37649
589	38463
590	39397
591	39883
592	40034
593	40042
594	39634
595	38626
596	37405
597	36531
598	36719
599	34219
600	31523
601	28271
602	26590
603	25297
604	24906
605	24357
606	24614
607	25236
608	27524
609	30827
610	33026
611	34077
612	38190
613	39628
614	40400
615	40821
616	41298
617	41519
618	41471
619	40966
620	39706
621	39019
622	39012
623	36745
624	34003
625	31122
626	28827
627	27627
628	26350
629	25690
630	25611
631	25499
632	27445
633	30601
634	33899
635	36887
636	39519
637	40532
638	40976
639	41365
640	41523
641	41819
642	41979
643	41389
644	40418
645	40263
646	40570
647	38278
648	35418
649	32635
650	30919
651	29802
652	29298
653	29191
654	30620
655	33088
656	36833
657	39633
658	41942
659	44305
660	45454
661	45881
662	46498
663	46814
664	47196
665	47153
666	46635
667	45666
668	44251
669	43789
670	43480
671	40567
672	37353
673	34687
674	32596
675	31632
676	30989
677	31007
678	32385
679	35039
680	38152
681	40604
682	42107
683	44291
684	46288
685	47428
686	47845
687	48457
688	48588
689	48622
690	48084
691	46588
692	44681
693	43705
694	42950
695	39822
696	36129
697	31770
698	30238
699	28850
700	27951
701	27407
702	28651
703	30415
704	32956
705	34507
706	35202
707	36111
708	37013
709	37599
710	38186
711	38397
712	38442
713	38428
714	37984
715	36793
716	35894
717	35998
718	36024
719	33620
720	30430;           
         
param q_act  :=  
                     
1	25273.56
2	24407.56
3	24128.56
4	23644.56
5	23526.56
6	24690.57
7	27273.57
8	29361.57
9	31281.57
10	33077.57
11	34827.57
12	35809.57
13	35698.57
14	36385.57
15	36889.57
16	36998.57
17	37311.57
18	36354.57
19	35300.57
20	34680.57
21	35137.57
22	35443.57
23	32762.57
24	29852.57
25	27002.98
26	25504.98
27	24737.98
28	24136.98
29	24208.98
30	25396.08
31	27842.08
32	30180.08
33	31196.08
34	32117.08
35	33709.08
36	34381.08
37	35090.08
38	37036.08
39	38764.08
40	39240.08
41	38969.08
42	38397.08
43	37538.08
44	36019.08
45	36123.08
46	35799.08
47	33298.08
48	30397.08
49	27804.89
50	26136.89
51	24914.89
52	24308.89
53	24135.89
54	25255.69
55	27795.69
56	30335.69
57	31363.69
58	32876.69
59	33650.69
60	34264.69
61	34228.69
62	34362.69
63	34622.69
64	34640.69
65	34705.69
66	34179.69
67	32950.69
68	32237.69
69	32107.69
70	32251.69
71	29717.69
72	26874.69
73	24804.55
74	23299.55
75	22595.55
76	21990.55
77	22133.55
78	22906.96
79	24651.96
80	26463.96
81	28017.96
82	29065.96
83	29466.96
84	29984.96
85	30424.96
86	30659.96
87	31184.96
88	31358.96
89	31441.96
90	31191.96
91	30032.96
92	28830.96
93	28441.96
94	28353.96
95	26714.96
96	24460.96
97	22468.85
98	21660.85
99	21441.85
100	20827.85
101	20474.85
102	20734.39
103	21184.39
104	22617.39
105	25019.39
106	26339.39
107	27091.39
108	27658.39
109	27679.39
110	27626.39
111	27736.39
112	28067.39
113	28716.39
114	28721.39
115	28085.39
116	27409.39
117	27084.39
118	26988.39
119	25634.39
120	24051.39
121	22191.51
122	21389.51
123	20541.51
124	20705.51
125	20666.51
126	20950.68
127	21037.68
128	22148.68
129	23848.68
130	25673.68
131	27449.68
132	27831.68
133	28829.68
134	29367.68
135	29984.68
136	30971.68
137	32123.68
138	32398.68
139	32132.68
140	31667.68
141	31926.68
142	33154.68
143	31053.68
144	27550.68
145	25172.2
146	23333.2
147	23441.2
148	23378.2
149	23197.2
150	24377.79
151	27220.79
152	31472.79
153	34332.79
154	36106.79
155	39038.79
156	39736.79
157	43146.79
158	44778.79
159	44718.79
160	45268.79
161	45069.79
162	44910.79
163	43701.79
164	42508.79
165	42618.79
166	42241.79
167	40397.79
168	34936.79
169	31758.82
170	29319.82
171	29786.82
172	29320.82
173	28761.82
174	29566.92
175	32069.92
176	37373.92
177	40449.92
178	41849.92
179	43174.92
180	44563.92
181	43960.92
182	44371.92
183	44419.92
184	45723.92
185	46206.92
186	45842.92
187	44680.92
188	43110.92
189	42968.92
190	42940.92
191	39917.92
192	35443.92
193	32220.71
194	30087.71
195	29043.71
196	28248.71
197	27809.71
198	28836.92
199	31178.92
200	34814.91
201	37579.91
202	38870.91
203	39730.91
204	40485.91
205	41391.91
206	42421.91
207	43573.91
208	43769.91
209	44143.91
210	43948.91
211	42226.91
212	40036.91
213	38781.91
214	38154.91
215	35164.91
216	30430.92
217	27874.99
218	26928.99
219	26045.99
220	25936.99
221	25776.99
222	26550.08
223	28574.08
224	31569.08
225	33732.08
226	34010.08
227	34878.08
228	36065.08
229	36046.08
230	37018.08
231	37455.08
232	37754.08
233	37470.08
234	36828.08
235	35659.08
236	33967.08
237	33607.08
238	33671.08
239	31171.08
240	27310.08
241	24564.37
242	23791.37
243	23599.37
244	23236.37
245	23272.37
246	24470.34
247	26823.34
248	30254.34
249	33174.34
250	34040.34
251	34787.34
252	35353.34
253	35664.34
254	36320.34
255	36800.34
256	36707.34
257	36583.34
258	36572.34
259	35492.34
260	33616.34
261	33185.34
262	33105.34
263	30878.34
264	27127.34
265	24516.04
266	23437.04
267	22881.04
268	22309.04
269	21975.04
270	22052.56
271	22667.56
272	24992.56
273	27147.56
274	28622.56
275	29501.56
276	29943.56
277	30151.56
278	30308.56
279	30385.56
280	30364.56
281	30362.56
282	30262.56
283	29917.56
284	29535.56
285	29576.56
286	30613.56
287	28637.56
288	26639.56
289	24417.31
290	23775.31
291	22860.31
292	22138.31
293	21847.31
294	21816.13
295	21715.13
296	22976.13
297	25546.13
298	26883.13
299	27974.13
300	29123.13
301	29590.13
302	29675.13
303	29690.13
304	29927.13
305	30272.13
306	30494.13
307	30330.13
308	29960.13
309	29633.13
310	30401.13
311	28910.13
312	26686.13
313	24767.09
314	24248.09
315	23748.09
316	23505.09
317	23755.09
318	25310.18
319	27283.18
320	30788.18
321	33699.18
322	34955.18
323	35038.18
324	36073.18
325	37287.18
326	37678.18
327	38070.18
328	38275.18
329	38911.18
330	37410.18
331	36209.18
332	36055.18
333	35669.18
334	35265.18
335	33016.18
336	29471.18
337	26499.16
338	25643.16
339	24847.16
340	24539.16
341	24298.16
342	25203.17
343	27140.17
344	29069.17
345	31057.17
346	32571.17
347	33661.16
348	34435.16
349	34069.16
350	34702.16
351	35313.16
352	35633.16
353	35714.16
354	35554.16
355	34434.16
356	33328.16
357	33069.16
358	33167.16
359	30803.17
360	29043.17
361	25026.93
362	24019.93
363	23682.93
364	23096.93
365	23185.93
366	24308.81
367	26205.81
368	28105.81
369	30051.81
370	30745.81
371	31682.81
372	32188.81
373	32635.81
374	33036.81
375	32914.81
376	32835.81
377	32916.81
378	32905.81
379	31675.81
380	31012.81
381	31523.81
382	31633.81
383	29610.81
384	27146.81
385	25126.55
386	24439.55
387	24160.55
388	23778.55
389	23984.55
390	25719.36
391	27604.36
392	29441.36
393	30579.36
394	31706.36
395	32559.36
396	32395.36
397	31954.36
398	32045.36
399	32059.36
400	31839.36
401	31807.36
402	31903.36
403	31369.36
404	30699.36
405	30617.36
406	30450.36
407	28327.36
408	25703.36
409	24108.23
410	23458.23
411	23039.23
412	22718.23
413	23141.23
414	24210.73
415	25481.73
416	27876.73
417	29404.73
418	30584.73
419	31071.73
420	31559.73
421	31719.73
422	32132.73
423	32218.73
424	31981.73
425	31671.73
426	31058.73
427	30496.73
428	29843.73
429	29222.73
430	29898.73
431	28259.73
432	26281.73
433	23918.37
434	23329.37
435	22988.37
436	22416.37
437	22327.37
438	22596.04
439	22848.04
440	23987.04
441	26184.04
442	27811.04
443	28619.04
444	28886.04
445	28837.04
446	28928.04
447	28517.04
448	28465.04
449	28626.04
450	28533.04
451	28193.04
452	27709.04
453	27841.04
454	28399.04
455	28516.04
456	28814.04
457	23836
458	22549
459	21818
460	21765
461	21614
462	21477.38
463	21653.38
464	22510.38
465	24343.38
466	25449.38
467	26295.38
468	26266.38
469	26578.38
470	26691.38
471	25922.38
472	25896.38
473	26026.38
474	26396.38
475	26322.38
476	26092.38
477	26860.38
478	27357.38
479	26454.38
480	25538.38
481	23404.92
482	22564.92
483	22374.92
484	22498.92
485	22616.92
486	23788.09
487	25526.09
488	28083.09
489	28891.09
490	29466.09
491	31012.09
492	31847.09
493	31630.09
494	31421.09
495	31720.09
496	32121.09
497	31998.09
498	31667.09
499	30877.09
500	30288.09
501	29759.09
502	29779.09
503	28597.09
504	26640.09
505	24480.59
506	23898.59
507	23328.59
508	23012.59
509	23037.59
510	24295.52
511	26395.52
512	28348.52
513	30369.52
514	32065.52
515	33042.52
516	32147.52
517	33273.52
518	34860.52
519	34400.52
520	35283.52
521	35465.52
522	35265.52
523	34476.52
524	33303.52
525	32600.52
526	32850.52
527	30819.52
528	28679.52
529	26552.29
530	25440.29
531	24811.29
532	24022.29
533	24085.29
534	25330.09
535	26971.09
536	29718.09
537	31795.09
538	33499.09
539	35350.09
540	36574.09
541	37851.09
542	38507.09
543	39276.09
544	39473.09
545	39846.09
546	39391.09
547	38176.09
548	36765.09
549	35946.09
550	35805.09
551	33300.09
552	29595.09
553	27348.68
554	26404.68
555	25419.68
556	24481.68
557	24462.68
558	25412.46
559	27655.46
560	30116.46
561	32913.46
562	34402.46
563	35693.46
564	36742.46
565	37305.46
566	38272.46
567	38799.46
568	38932.46
569	38895.46
570	38858.46
571	37523.46
572	35666.46
573	34368.46
574	34048.46
575	31577.46
576	28603.46
577	26442.74
578	26050.74
579	25813.74
580	25277.74
581	25342.74
582	26251.67
583	27884.67
584	30462.67
585	32428.67
586	34688.66
587	36507.66
588	38158.66
589	38596.66
590	38908.66
591	39481.66
592	39753.66
593	39573.66
594	39433.66
595	38440.66
596	36950.66
597	36072.66
598	35787.66
599	33715.66
600	31708.67
601	28898.59
602	27753.59
603	27061.59
604	27103.59
605	26464.59
606	26839.74
607	27161.74
608	28544.74
609	32051.74
610	33451.74
611	33887.74
612	37560.74
613	38756.74
614	39374.74
615	39905.74
616	40291.74
617	40461.74
618	40736.74
619	40074.74
620	38875.74
621	38295.74
622	38241.74
623	36506.74
624	34805.74
625	31798.61
626	29819.61
627	29093.61
628	27873.61
629	27571.61
630	27378.74
631	27003.74
632	28811.74
633	31714.74
634	34017.74
635	36516.74
636	38493.74
637	38715.74
638	39544.74
639	39913.74
640	40289.74
641	40631.74
642	40881.74
643	40384.74
644	39391.74
645	39361.74
646	40129.74
647	38260.74
648	35631.74
649	32274.08
650	30480.08
651	29459.08
652	29083.08
653	29077.08
654	30062.5
655	31910.5
656	35020.5
657	36977.5
658	39312.5
659	41505.5
660	42222.5
661	43344.5
662	45071.5
663	45941.5
664	46281.5
665	46073.5
666	45332.5
667	44040.5
668	42380.5
669	41926.5
670	41883.5
671	39018.5
672	36455.5
673	34014.41
674	32188.41
675	31792.41
676	31313.41
677	31031.41
678	32471.02
679	34242.02
680	37151.02
681	38657.02
682	39339.02
683	41075.02
684	42437.02
685	42947.02
686	44944.02
687	45953.02
688	46047.02
689	46111.02
690	45901.02
691	44499.02
692	42647.02
693	41780.02
694	41249.02
695	38709.02
696	35125.02
697	30518.66
698	29501.66
699	28763.66
700	27757.66
701	27430.66
702	28683.26
703	29643.26
704	31590.26
705	32415.26
706	32850.27
707	33820.27
708	34827.27
709	35050.27
710	35524.27
711	36021.27
712	36061.27
713	36324.27
714	35859.27
715	34910.27
716	34499.27
717	34382.27
718	34493.27
719	32450.26
720	30209.26
;

param b :=

1	860.6577
2	869.264277
3	861.5183577
4	628.7176
5	1092.598
;
          
          

        
            