set     FIRMS :=           GPU     PECO    PPL   PEPCO   PSEG  BGE   DPL   ACE   HOMER  FRINGE ;
set     THERMLINE:=         1, 2,    3, 4, 5;
set     TFIRMS :=          GPU     PECO    PPL   PEPCO   PSEG  BGE   DPL   ACE   HOMER  FRINGE ;

param ST := 			1;
param T := 			720;
param   Tdata :=                720;
param BT :=		199909000;

param firmtype :=   GPU   2   PECO  2  PPL 2  PEPCO 2   PSEG 2 BGE 2  DPL 2  ACE 2 HOMER 2 FRINGE 1;

param contractpct :=   GPU .147  PECO  .088  PPL .099  PEPCO .104   PSEG .17 BGE .112  DPL .06  ACE .043 HOMER 0 FRINGE 0;
 

param mc :    GPU    PECO    PPL   PEPCO   PSEG     BGE   DPL   ACE HOMER  FRINGE      :=
1	0.00134	0.01558	0.00105	0.00107	0.00669	0.00097	0.00284	0.03440	0.00000	0.00630
2	0.02557	0.02611	0.01575	0.01541	0.00496	0.04479	0.02020	0.06544	0.00072	0.01031
3	0.02037	0.01852	0.18212	0.00395	0.01283	0.00983	0.02720	0.10698	0.00015	0.00152
4	0.03358	0.01764	0.01387	0.02317	0.03080	0.08322	0.18056	0.03599	1.16783	0.01425
5	0.04948	0.25493	0.00000	0.03199	0.09334	0.06297	0.57578	0.09381	0.00000	0.11554
;

param k :    	           GPU    PECO    PPL   PEPCO   PSEG     BGE   DPL   ACE HOMER  FRINGE     :=
1	14.81	17.44	16.62	15.39	21.36	14.60	18.67	23.87	15.47	17.73
2	20.68	43.04	19.66	17.22	36.44	16.38	21.13	40.73	15.47	27.86
3	45.50	59.48	49.82	35.55	41.44	39.13	35.91	50.51	15.87	31.83
4	55.81	67.15	71.31	40.28	55.73	47.63	53.60	70.65	15.96	34.91
5	69.84	72.47	73.86	65.14	80.84	64.78	72.98	74.69	34.82	49.33
;

param maxtherm :    	  GPU    PECO    PPL   PEPCO   PSEG     BGE   DPL   ACE HOMER  FRINGE   :=
1	4367	1643	2890	1698	2253	1826	869	490	564	1607
2	971	630	1915	1189	1008	508	732	149	570	385
3	507	414	118	1197	1113	866	651	188	599	2023
4	418	301	184	1073	815	206	107	112	16	1013
5	499	15	0	352	730	265	59	82	0	126
;

param qmr :	GPU    PECO    PPL   PEPCO   PSEG     BGE   DPL   ACE HOMER  FRINGE     :=

1	1045	4976	2338	0	2559	1619	0	0	0	177
2	1061	5052	2352	0	2559	1619	0	0	0	193
3	1061	5052	2352	0	2559	1619	0	0	0	193
4	1061	5052	2352	0	2559	1619	0	0	0	193
5	1061	5052	2352	0	2559	1619	0	0	0	193
6	1065	5073	2356	0	2559	1619	0	0	0	197
7	1073	5110	2363	0	2559	1619	0	0	0	205
8	1180	5611	2459	0	2559	1619	0	0	0	312
9	1220	5796	2494	0	2559	1619	0	0	0	351
10	1243	5907	2515	0	2559	1619	0	0	0	374
11	1266	6012	2535	0	2559	1619	0	0	0	397
12	1329	6309	2592	0	2559	1619	0	0	0	460
13	1347	6392	2608	0	2559	1619	0	0	0	477
14	1358	6444	2617	0	2559	1619	0	0	0	488
15	1358	6443	2617	0	2559	1619	0	0	0	488
16	1358	6446	2618	0	2559	1619	0	0	0	489
17	1359	6448	2618	0	2559	1619	0	0	0	489
18	1360	6453	2619	0	2559	1619	0	0	0	490
19	1314	6237	2578	0	2559	1619	0	0	0	444
20	1314	6240	2578	0	2559	1619	0	0	0	445
21	1342	6368	2603	0	2559	1619	0	0	0	472
22	1265	6010	2535	0	2559	1619	0	0	0	396
23	1187	5641	2464	0	2559	1619	0	0	0	318
24	1052	5011	2344	0	2559	1619	0	0	0	184
25	1045	4976	2338	0	2559	1619	0	0	0	177
26	1061	5052	2352	0	2559	1619	0	0	0	193
27	1061	5052	2352	0	2559	1619	0	0	0	193
28	1061	5052	2352	0	2559	1619	0	0	0	193
29	1061	5052	2352	0	2559	1619	0	0	0	193
30	1065	5073	2356	0	2559	1619	0	0	0	197
31	1073	5110	2363	0	2559	1619	0	0	0	205
32	1180	5611	2459	0	2559	1619	0	0	0	312
33	1220	5796	2494	0	2559	1619	0	0	0	351
34	1243	5907	2515	0	2559	1619	0	0	0	374
35	1266	6012	2535	0	2559	1619	0	0	0	397
36	1329	6309	2592	0	2559	1619	0	0	0	460
37	1347	6392	2608	0	2559	1619	0	0	0	477
38	1358	6444	2617	0	2559	1619	0	0	0	488
39	1358	6443	2617	0	2559	1619	0	0	0	488
40	1358	6446	2618	0	2559	1619	0	0	0	489
41	1359	6448	2618	0	2559	1619	0	0	0	489
42	1360	6453	2619	0	2559	1619	0	0	0	490
43	1314	6237	2578	0	2559	1619	0	0	0	444
44	1314	6240	2578	0	2559	1619	0	0	0	445
45	1342	6368	2603	0	2559	1619	0	0	0	472
46	1265	6010	2535	0	2559	1619	0	0	0	396
47	1187	5641	2464	0	2559	1619	0	0	0	318
48	1052	5011	2344	0	2559	1619	0	0	0	184
49	868	4150	2180	0	2559	1619	0	0	0	1
50	868	4150	2180	0	2559	1619	0	0	0	1
51	868	4150	2180	0	2559	1619	0	0	0	1
52	868	4149	2180	0	2559	1619	0	0	0	1
53	868	4149	2180	0	2559	1619	0	0	0	1
54	868	4149	2180	0	2559	1619	0	0	0	1
55	868	4149	2180	0	2559	1619	0	0	0	1
56	870	4156	2181	0	2559	1619	0	0	0	3
57	870	4156	2181	0	2559	1619	0	0	0	3
58	884	4221	2194	0	2559	1619	0	0	0	17
59	887	4236	2197	0	2559	1619	0	0	0	20
60	940	4485	2244	0	2559	1619	0	0	0	73
61	921	4396	2227	0	2559	1619	0	0	0	54
62	964	4597	2265	0	2559	1619	0	0	0	96
63	963	4594	2265	0	2559	1619	0	0	0	96
64	962	4589	2264	0	2559	1619	0	0	0	95
65	964	4599	2266	0	2559	1619	0	0	0	97
66	973	4642	2274	0	2559	1619	0	0	0	106
67	982	4683	2282	0	2559	1619	0	0	0	115
68	919	4387	2225	0	2559	1619	0	0	0	52
69	930	4441	2236	0	2559	1619	0	0	0	63
70	888	4243	2198	0	2559	1619	0	0	0	21
71	878	4193	2188	0	2559	1619	0	0	0	11
72	868	4150	2180	0	2559	1619	0	0	0	1
73	868	4150	2180	0	2559	1619	0	0	0	1
74	868	4150	2180	0	2559	1619	0	0	0	1
75	869	4150	2180	0	2559	1619	0	0	0	2
76	868	4150	2180	0	2559	1619	0	0	0	1
77	868	4150	2180	0	2559	1619	0	0	0	1
78	868	4150	2180	0	2559	1619	0	0	0	1
79	868	4150	2180	0	2559	1619	0	0	0	1
80	868	4150	2180	0	2559	1619	0	0	0	1
81	868	4150	2180	0	2559	1619	0	0	0	1
82	868	4150	2180	0	2559	1619	0	0	0	1
83	869	4153	2181	0	2559	1619	0	0	0	2
84	894	4271	2203	0	2559	1619	0	0	0	27
85	903	4312	2211	0	2559	1619	0	0	0	36
86	927	4426	2233	0	2559	1619	0	0	0	60
87	955	4558	2258	0	2559	1619	0	0	0	88
88	947	4518	2250	0	2559	1619	0	0	0	80
89	948	4521	2251	0	2559	1619	0	0	0	80
90	967	4611	2268	0	2559	1619	0	0	0	99
91	943	4501	2247	0	2559	1619	0	0	0	76
92	928	4428	2233	0	2559	1619	0	0	0	60
93	909	4342	2217	0	2559	1619	0	0	0	42
94	902	4306	2210	0	2559	1619	0	0	0	35
95	883	4219	2193	0	2559	1619	0	0	0	16
96	868	4148	2180	0	2559	1619	0	0	0	1
97	868	4150	2180	0	2559	1619	0	0	0	1
98	868	4150	2180	0	2559	1619	0	0	0	1
99	869	4150	2180	0	2559	1619	0	0	0	2
100	868	4150	2180	0	2559	1619	0	0	0	1
101	868	4150	2180	0	2559	1619	0	0	0	1
102	868	4150	2180	0	2559	1619	0	0	0	1
103	868	4150	2180	0	2559	1619	0	0	0	1
104	868	4150	2180	0	2559	1619	0	0	0	1
105	868	4150	2180	0	2559	1619	0	0	0	1
106	868	4150	2180	0	2559	1619	0	0	0	1
107	869	4153	2181	0	2559	1619	0	0	0	2
108	894	4271	2203	0	2559	1619	0	0	0	27
109	903	4312	2211	0	2559	1619	0	0	0	36
110	927	4426	2233	0	2559	1619	0	0	0	60
111	955	4558	2258	0	2559	1619	0	0	0	88
112	947	4518	2250	0	2559	1619	0	0	0	80
113	948	4521	2251	0	2559	1619	0	0	0	80
114	967	4611	2268	0	2559	1619	0	0	0	99
115	943	4501	2247	0	2559	1619	0	0	0	76
116	928	4428	2233	0	2559	1619	0	0	0	60
117	909	4342	2217	0	2559	1619	0	0	0	42
118	902	4306	2210	0	2559	1619	0	0	0	35
119	883	4219	2193	0	2559	1619	0	0	0	16
120	868	4148	2180	0	2559	1619	0	0	0	1
121	868	4150	2180	0	2559	1619	0	0	0	1
122	868	4150	2180	0	2559	1619	0	0	0	1
123	869	4150	2180	0	2559	1619	0	0	0	2
124	868	4150	2180	0	2559	1619	0	0	0	1
125	868	4150	2180	0	2559	1619	0	0	0	1
126	868	4150	2180	0	2559	1619	0	0	0	1
127	868	4150	2180	0	2559	1619	0	0	0	1
128	868	4150	2180	0	2559	1619	0	0	0	1
129	868	4150	2180	0	2559	1619	0	0	0	1
130	868	4150	2180	0	2559	1619	0	0	0	1
131	869	4153	2181	0	2559	1619	0	0	0	2
132	894	4271	2203	0	2559	1619	0	0	0	27
133	903	4312	2211	0	2559	1619	0	0	0	36
134	927	4426	2233	0	2559	1619	0	0	0	60
135	955	4558	2258	0	2559	1619	0	0	0	88
136	947	4518	2250	0	2559	1619	0	0	0	80
137	948	4521	2251	0	2559	1619	0	0	0	80
138	967	4611	2268	0	2559	1619	0	0	0	99
139	943	4501	2247	0	2559	1619	0	0	0	76
140	928	4428	2233	0	2559	1619	0	0	0	60
141	909	4342	2217	0	2559	1619	0	0	0	42
142	902	4306	2210	0	2559	1619	0	0	0	35
143	883	4219	2193	0	2559	1619	0	0	0	16
144	868	4148	2180	0	2559	1619	0	0	0	1
145	885	4227	2195	0	2559	1619	0	0	0	18
146	884	4221	2194	0	2559	1619	0	0	0	17
147	878	4195	2189	0	2559	1619	0	0	0	11
148	868	4149	2180	0	2559	1619	0	0	0	1
149	868	4150	2180	0	2559	1619	0	0	0	1
150	868	4150	2180	0	2559	1619	0	0	0	1
151	869	4153	2181	0	2559	1619	0	0	0	2
152	871	4164	2183	0	2559	1619	0	0	0	4
153	871	4163	2183	0	2559	1619	0	0	0	4
154	871	4164	2183	0	2559	1619	0	0	0	4
155	869	4153	2181	0	2559	1619	0	0	0	2
156	888	4243	2198	0	2559	1619	0	0	0	21
157	915	4366	2221	0	2559	1619	0	0	0	47
158	934	4460	2239	0	2559	1619	0	0	0	67
159	945	4507	2248	0	2559	1619	0	0	0	77
160	949	4530	2253	0	2559	1619	0	0	0	82
161	958	4568	2260	0	2559	1619	0	0	0	90
162	958	4570	2260	0	2559	1619	0	0	0	91
163	940	4488	2245	0	2559	1619	0	0	0	73
164	971	4630	2272	0	2559	1619	0	0	0	103
165	983	4689	2283	0	2559	1619	0	0	0	116
166	963	4594	2265	0	2559	1619	0	0	0	96
167	896	4277	2205	0	2559	1619	0	0	0	29
168	902	4306	2210	0	2559	1619	0	0	0	35
169	892	4260	2201	0	2559	1619	0	0	0	25
170	892	4259	2201	0	2559	1619	0	0	0	25
171	891	4256	2201	0	2559	1619	0	0	0	24
172	890	4251	2199	0	2559	1619	0	0	0	23
173	889	4249	2199	0	2559	1619	0	0	0	22
174	891	4254	2200	0	2559	1619	0	0	0	24
175	897	4285	2206	0	2559	1619	0	0	0	30
176	904	4317	2212	0	2559	1619	0	0	0	37
177	904	4318	2212	0	2559	1619	0	0	0	37
178	924	4411	2230	0	2559	1619	0	0	0	57
179	936	4468	2241	0	2559	1619	0	0	0	69
180	959	4575	2261	0	2559	1619	0	0	0	92
181	997	4753	2295	0	2559	1619	0	0	0	129
182	1006	4793	2303	0	2559	1619	0	0	0	138
183	1015	4836	2311	0	2559	1619	0	0	0	147
184	1012	4822	2308	0	2559	1619	0	0	0	144
185	1038	4943	2331	0	2559	1619	0	0	0	170
186	1023	4873	2318	0	2559	1619	0	0	0	155
187	987	4707	2286	0	2559	1619	0	0	0	120
188	976	4654	2276	0	2559	1619	0	0	0	108
189	994	4740	2293	0	2559	1619	0	0	0	127
190	995	4741	2293	0	2559	1619	0	0	0	127
191	943	4501	2247	0	2559	1619	0	0	0	76
192	906	4326	2214	0	2559	1619	0	0	0	39
193	883	4217	2193	0	2559	1619	0	0	0	16
194	882	4211	2192	0	2559	1619	0	0	0	14
195	880	4205	2191	0	2559	1619	0	0	0	13
196	880	4203	2190	0	2559	1619	0	0	0	13
197	879	4200	2190	0	2559	1619	0	0	0	12
198	884	4225	2195	0	2559	1619	0	0	0	17
199	887	4236	2197	0	2559	1619	0	0	0	20
200	887	4238	2197	0	2559	1619	0	0	0	20
201	890	4251	2200	0	2559	1619	0	0	0	23
202	888	4244	2198	0	2559	1619	0	0	0	21
203	888	4240	2197	0	2559	1619	0	0	0	21
204	926	4418	2231	0	2559	1619	0	0	0	58
205	962	4587	2264	0	2559	1619	0	0	0	94
206	975	4649	2275	0	2559	1619	0	0	0	107
207	981	4676	2280	0	2559	1619	0	0	0	113
208	978	4661	2278	0	2559	1619	0	0	0	110
209	988	4711	2287	0	2559	1619	0	0	0	120
210	980	4671	2279	0	2559	1619	0	0	0	112
211	978	4666	2279	0	2559	1619	0	0	0	111
212	953	4546	2256	0	2559	1619	0	0	0	85
213	950	4532	2253	0	2559	1619	0	0	0	83
214	966	4606	2267	0	2559	1619	0	0	0	98
215	941	4488	2245	0	2559	1619	0	0	0	73
216	878	4193	2188	0	2559	1619	0	0	0	11
217	877	4189	2188	0	2559	1619	0	0	0	10
218	877	4189	2188	0	2559	1619	0	0	0	10
219	869	4154	2181	0	2559	1619	0	0	0	2
220	869	4153	2181	0	2559	1619	0	0	0	2
221	869	4153	2181	0	2559	1619	0	0	0	2
222	869	4153	2181	0	2559	1619	0	0	0	2
223	873	4171	2184	0	2559	1619	0	0	0	6
224	880	4205	2191	0	2559	1619	0	0	0	13
225	883	4217	2193	0	2559	1619	0	0	0	16
226	883	4217	2193	0	2559	1619	0	0	0	16
227	903	4313	2211	0	2559	1619	0	0	0	36
228	934	4455	2238	0	2559	1619	0	0	0	66
229	930	4440	2236	0	2559	1619	0	0	0	63
230	985	4698	2285	0	2559	1619	0	0	0	118
231	983	4688	2283	0	2559	1619	0	0	0	116
232	985	4697	2284	0	2559	1619	0	0	0	117
233	1001	4770	2298	0	2559	1619	0	0	0	133
234	990	4722	2289	0	2559	1619	0	0	0	123
235	949	4527	2252	0	2559	1619	0	0	0	82
236	938	4478	2243	0	2559	1619	0	0	0	71
237	964	4596	2265	0	2559	1619	0	0	0	96
238	904	4317	2212	0	2559	1619	0	0	0	37
239	880	4205	2191	0	2559	1619	0	0	0	13
240	869	4153	2181	0	2559	1619	0	0	0	2
241	869	4153	2181	0	2559	1619	0	0	0	2
242	869	4153	2181	0	2559	1619	0	0	0	2
243	869	4153	2181	0	2559	1619	0	0	0	2
244	869	4153	2181	0	2559	1619	0	0	0	2
245	869	4153	2181	0	2559	1619	0	0	0	2
246	869	4153	2181	0	2559	1619	0	0	0	2
247	869	4153	2181	0	2559	1619	0	0	0	2
248	869	4153	2181	0	2559	1619	0	0	0	2
249	869	4153	2181	0	2559	1619	0	0	0	2
250	869	4153	2181	0	2559	1619	0	0	0	2
251	869	4153	2181	0	2559	1619	0	0	0	2
252	910	4346	2218	0	2559	1619	0	0	0	43
253	925	4414	2231	0	2559	1619	0	0	0	58
254	934	4458	2239	0	2559	1619	0	0	0	67
255	949	4527	2252	0	2559	1619	0	0	0	81
256	943	4502	2247	0	2559	1619	0	0	0	76
257	954	4552	2257	0	2559	1619	0	0	0	87
258	956	4563	2259	0	2559	1619	0	0	0	89
259	943	4498	2247	0	2559	1619	0	0	0	75
260	932	4450	2237	0	2559	1619	0	0	0	65
261	965	4604	2267	0	2559	1619	0	0	0	98
262	954	4551	2257	0	2559	1619	0	0	0	87
263	918	4383	2225	0	2559	1619	0	0	0	51
264	869	4153	2181	0	2559	1619	0	0	0	2
265	869	4153	2181	0	2559	1619	0	0	0	2
266	869	4153	2181	0	2559	1619	0	0	0	2
267	869	4153	2181	0	2559	1619	0	0	0	2
268	869	4153	2181	0	2559	1619	0	0	0	2
269	869	4153	2181	0	2559	1619	0	0	0	2
270	869	4153	2181	0	2559	1619	0	0	0	2
271	869	4153	2181	0	2559	1619	0	0	0	2
272	869	4153	2181	0	2559	1619	0	0	0	2
273	869	4153	2181	0	2559	1619	0	0	0	2
274	869	4153	2181	0	2559	1619	0	0	0	2
275	869	4153	2181	0	2559	1619	0	0	0	2
276	869	4153	2181	0	2559	1619	0	0	0	2
277	886	4232	2196	0	2559	1619	0	0	0	19
278	900	4299	2209	0	2559	1619	0	0	0	33
279	900	4296	2208	0	2559	1619	0	0	0	32
280	893	4265	2202	0	2559	1619	0	0	0	26
281	903	4314	2212	0	2559	1619	0	0	0	36
282	916	4371	2222	0	2559	1619	0	0	0	48
283	904	4319	2212	0	2559	1619	0	0	0	37
284	898	4290	2207	0	2559	1619	0	0	0	31
285	908	4333	2215	0	2559	1619	0	0	0	40
286	906	4324	2213	0	2559	1619	0	0	0	38
287	879	4201	2190	0	2559	1619	0	0	0	12
288	876	4187	2187	0	2559	1619	0	0	0	9
289	876	4186	2187	0	2559	1619	0	0	0	9
290	876	4186	2187	0	2559	1619	0	0	0	9
291	876	4185	2187	0	2559	1619	0	0	0	9
292	869	4153	2181	0	2559	1619	0	0	0	2
293	869	4153	2181	0	2559	1619	0	0	0	2
294	869	4153	2181	0	2559	1619	0	0	0	2
295	870	4159	2182	0	2559	1619	0	0	0	3
296	875	4179	2186	0	2559	1619	0	0	0	8
297	874	4178	2186	0	2559	1619	0	0	0	7
298	874	4178	2186	0	2559	1619	0	0	0	7
299	874	4175	2185	0	2559	1619	0	0	0	7
300	883	4217	2193	0	2559	1619	0	0	0	16
301	924	4408	2229	0	2559	1619	0	0	0	56
302	931	4441	2236	0	2559	1619	0	0	0	63
303	938	4475	2242	0	2559	1619	0	0	0	71
304	948	4521	2251	0	2559	1619	0	0	0	80
305	944	4503	2248	0	2559	1619	0	0	0	76
306	945	4510	2249	0	2559	1619	0	0	0	78
307	937	4469	2241	0	2559	1619	0	0	0	69
308	928	4428	2233	0	2559	1619	0	0	0	60
309	945	4510	2249	0	2559	1619	0	0	0	78
310	947	4517	2250	0	2559	1619	0	0	0	79
311	874	4176	2185	0	2559	1619	0	0	0	7
312	869	4153	2181	0	2559	1619	0	0	0	2
313	869	4153	2181	0	2559	1619	0	0	0	2
314	869	4153	2181	0	2559	1619	0	0	0	2
315	869	4154	2181	0	2559	1619	0	0	0	2
316	869	4155	2181	0	2559	1619	0	0	0	2
317	869	4153	2181	0	2559	1619	0	0	0	2
318	869	4153	2181	0	2559	1619	0	0	0	2
319	870	4158	2182	0	2559	1619	0	0	0	3
320	871	4163	2183	0	2559	1619	0	0	0	4
321	872	4168	2184	0	2559	1619	0	0	0	5
322	874	4174	2185	0	2559	1619	0	0	0	7
323	876	4184	2187	0	2559	1619	0	0	0	9
324	910	4343	2217	0	2559	1619	0	0	0	42
325	935	4464	2240	0	2559	1619	0	0	0	68
326	922	4401	2228	0	2559	1619	0	0	0	55
327	961	4584	2263	0	2559	1619	0	0	0	94
328	937	4472	2242	0	2559	1619	0	0	0	70
329	939	4479	2243	0	2559	1619	0	0	0	71
330	959	4572	2261	0	2559	1619	0	0	0	91
331	943	4497	2246	0	2559	1619	0	0	0	75
332	945	4510	2249	0	2559	1619	0	0	0	78
333	948	4524	2252	0	2559	1619	0	0	0	81
334	912	4355	2219	0	2559	1619	0	0	0	45
335	881	4208	2191	0	2559	1619	0	0	0	14
336	869	4153	2181	0	2559	1619	0	0	0	2
337	869	4153	2181	0	2559	1619	0	0	0	2
338	868	4150	2180	0	2559	1619	0	0	0	1
339	868	4150	2180	0	2559	1619	0	0	0	1
340	868	4150	2180	0	2559	1619	0	0	0	1
341	868	4149	2180	0	2559	1619	0	0	0	1
342	868	4149	2180	0	2559	1619	0	0	0	1
343	872	4166	2183	0	2559	1619	0	0	0	5
344	887	4239	2197	0	2559	1619	0	0	0	20
345	874	4176	2185	0	2559	1619	0	0	0	7
346	876	4184	2187	0	2559	1619	0	0	0	9
347	874	4176	2185	0	2559	1619	0	0	0	7
348	876	4184	2187	0	2559	1619	0	0	0	9
349	905	4323	2213	0	2559	1619	0	0	0	38
350	933	4454	2238	0	2559	1619	0	0	0	66
351	958	4571	2260	0	2559	1619	0	0	0	91
352	944	4505	2248	0	2559	1619	0	0	0	77
353	949	4526	2252	0	2559	1619	0	0	0	81
354	971	4628	2271	0	2559	1619	0	0	0	103
355	976	4656	2277	0	2559	1619	0	0	0	109
356	953	4547	2256	0	2559	1619	0	0	0	86
357	937	4472	2242	0	2559	1619	0	0	0	70
358	925	4415	2231	0	2559	1619	0	0	0	58
359	868	4149	2180	0	2559	1619	0	0	0	1
360	868	4149	2180	0	2559	1619	0	0	0	1
361	868	4149	2180	0	2559	1619	0	0	0	1
362	868	4149	2180	0	2559	1619	0	0	0	1
363	868	4149	2180	0	2559	1619	0	0	0	1
364	868	4149	2180	0	2559	1619	0	0	0	1
365	868	4149	2180	0	2559	1619	0	0	0	1
366	868	4149	2180	0	2559	1619	0	0	0	1
367	868	4150	2180	0	2559	1619	0	0	0	1
368	870	4159	2182	0	2559	1619	0	0	0	3
369	878	4196	2189	0	2559	1619	0	0	0	11
370	878	4196	2189	0	2559	1619	0	0	0	11
371	902	4305	2210	0	2559	1619	0	0	0	34
372	915	4366	2222	0	2559	1619	0	0	0	47
373	929	4435	2235	0	2559	1619	0	0	0	62
374	933	4451	2238	0	2559	1619	0	0	0	65
375	933	4453	2238	0	2559	1619	0	0	0	66
376	947	4517	2250	0	2559	1619	0	0	0	79
377	958	4569	2260	0	2559	1619	0	0	0	90
378	953	4547	2256	0	2559	1619	0	0	0	86
379	968	4618	2269	0	2559	1619	0	0	0	101
380	947	4517	2250	0	2559	1619	0	0	0	79
381	952	4541	2255	0	2559	1619	0	0	0	84
382	930	4438	2235	0	2559	1619	0	0	0	63
383	924	4409	2230	0	2559	1619	0	0	0	56
384	920	4391	2226	0	2559	1619	0	0	0	53
385	921	4394	2227	0	2559	1619	0	0	0	53
386	921	4395	2227	0	2559	1619	0	0	0	53
387	922	4400	2228	0	2559	1619	0	0	0	54
388	921	4398	2228	0	2559	1619	0	0	0	54
389	916	4371	2222	0	2559	1619	0	0	0	48
390	910	4343	2217	0	2559	1619	0	0	0	42
391	902	4309	2210	0	2559	1619	0	0	0	35
392	903	4311	2211	0	2559	1619	0	0	0	36
393	896	4280	2205	0	2559	1619	0	0	0	29
394	928	4431	2234	0	2559	1619	0	0	0	61
395	890	4252	2200	0	2559	1619	0	0	0	23
396	886	4232	2196	0	2559	1619	0	0	0	19
397	903	4311	2211	0	2559	1619	0	0	0	36
398	934	4457	2239	0	2559	1619	0	0	0	67
399	946	4516	2250	0	2559	1619	0	0	0	79
400	947	4516	2250	0	2559	1619	0	0	0	79
401	974	4642	2274	0	2559	1619	0	0	0	106
402	1002	4777	2300	0	2559	1619	0	0	0	135
403	988	4709	2287	0	2559	1619	0	0	0	120
404	962	4589	2264	0	2559	1619	0	0	0	95
405	957	4563	2259	0	2559	1619	0	0	0	89
406	965	4602	2266	0	2559	1619	0	0	0	97
407	937	4474	2242	0	2559	1619	0	0	0	70
408	923	4404	2229	0	2559	1619	0	0	0	55
409	901	4304	2210	0	2559	1619	0	0	0	34
410	901	4303	2209	0	2559	1619	0	0	0	34
411	890	4253	2200	0	2559	1619	0	0	0	23
412	890	4252	2200	0	2559	1619	0	0	0	23
413	890	4251	2199	0	2559	1619	0	0	0	23
414	890	4250	2199	0	2559	1619	0	0	0	23
415	897	4284	2206	0	2559	1619	0	0	0	30
416	905	4321	2213	0	2559	1619	0	0	0	38
417	924	4409	2230	0	2559	1619	0	0	0	56
418	955	4555	2257	0	2559	1619	0	0	0	87
419	961	4582	2263	0	2559	1619	0	0	0	93
420	952	4541	2255	0	2559	1619	0	0	0	84
421	964	4596	2265	0	2559	1619	0	0	0	96
422	1002	4776	2300	0	2559	1619	0	0	0	134
423	1010	4813	2307	0	2559	1619	0	0	0	142
424	989	4713	2288	0	2559	1619	0	0	0	121
425	996	4748	2294	0	2559	1619	0	0	0	128
426	1012	4821	2308	0	2559	1619	0	0	0	144
427	990	4721	2289	0	2559	1619	0	0	0	123
428	979	4669	2279	0	2559	1619	0	0	0	112
429	980	4673	2280	0	2559	1619	0	0	0	113
430	972	4635	2273	0	2559	1619	0	0	0	104
431	936	4467	2241	0	2559	1619	0	0	0	69
432	934	4455	2238	0	2559	1619	0	0	0	66
433	928	4427	2233	0	2559	1619	0	0	0	60
434	900	4297	2208	0	2559	1619	0	0	0	33
435	897	4285	2206	0	2559	1619	0	0	0	30
436	897	4285	2206	0	2559	1619	0	0	0	30
437	897	4282	2206	0	2559	1619	0	0	0	30
438	898	4288	2207	0	2559	1619	0	0	0	31
439	896	4278	2205	0	2559	1619	0	0	0	29
440	895	4273	2204	0	2559	1619	0	0	0	28
441	893	4265	2202	0	2559	1619	0	0	0	26
442	896	4281	2205	0	2559	1619	0	0	0	29
443	905	4320	2213	0	2559	1619	0	0	0	37
444	913	4360	2220	0	2559	1619	0	0	0	46
445	943	4501	2247	0	2559	1619	0	0	0	76
446	945	4510	2249	0	2559	1619	0	0	0	78
447	957	4566	2260	0	2559	1619	0	0	0	90
448	959	4572	2261	0	2559	1619	0	0	0	91
449	961	4583	2263	0	2559	1619	0	0	0	93
450	974	4646	2275	0	2559	1619	0	0	0	107
451	972	4635	2273	0	2559	1619	0	0	0	104
452	989	4716	2288	0	2559	1619	0	0	0	122
453	979	4667	2279	0	2559	1619	0	0	0	111
454	968	4618	2269	0	2559	1619	0	0	0	101
455	924	4411	2230	0	2559	1619	0	0	0	57
456	904	4318	2212	0	2559	1619	0	0	0	37
457	877	4192	2188	0	2559	1619	0	0	0	10
458	877	4190	2188	0	2559	1619	0	0	0	10
459	876	4188	2187	0	2559	1619	0	0	0	9
460	876	4186	2187	0	2559	1619	0	0	0	9
461	876	4186	2187	0	2559	1619	0	0	0	9
462	875	4182	2186	0	2559	1619	0	0	0	8
463	894	4269	2203	0	2559	1619	0	0	0	27
464	900	4297	2208	0	2559	1619	0	0	0	33
465	915	4367	2222	0	2559	1619	0	0	0	48
466	919	4386	2225	0	2559	1619	0	0	0	52
467	930	4436	2235	0	2559	1619	0	0	0	62
468	926	4421	2232	0	2559	1619	0	0	0	59
469	956	4562	2259	0	2559	1619	0	0	0	89
470	986	4702	2285	0	2559	1619	0	0	0	119
471	974	4643	2274	0	2559	1619	0	0	0	106
472	977	4656	2277	0	2559	1619	0	0	0	109
473	975	4651	2276	0	2559	1619	0	0	0	108
474	989	4717	2288	0	2559	1619	0	0	0	122
475	975	4650	2276	0	2559	1619	0	0	0	108
476	986	4701	2285	0	2559	1619	0	0	0	118
477	975	4648	2275	0	2559	1619	0	0	0	107
478	926	4421	2232	0	2559	1619	0	0	0	59
479	896	4280	2205	0	2559	1619	0	0	0	29
480	879	4200	2190	0	2559	1619	0	0	0	12
481	877	4189	2188	0	2559	1619	0	0	0	10
482	877	4188	2188	0	2559	1619	0	0	0	10
483	884	4222	2194	0	2559	1619	0	0	0	17
484	884	4222	2194	0	2559	1619	0	0	0	17
485	876	4185	2187	0	2559	1619	0	0	0	9
486	876	4184	2187	0	2559	1619	0	0	0	9
487	891	4257	2201	0	2559	1619	0	0	0	24
488	907	4333	2215	0	2559	1619	0	0	0	40
489	908	4335	2215	0	2559	1619	0	0	0	41
490	937	4470	2241	0	2559	1619	0	0	0	69
491	976	4652	2276	0	2559	1619	0	0	0	108
492	949	4526	2252	0	2559	1619	0	0	0	81
493	948	4524	2252	0	2559	1619	0	0	0	81
494	959	4573	2261	0	2559	1619	0	0	0	91
495	976	4654	2276	0	2559	1619	0	0	0	109
496	963	4593	2265	0	2559	1619	0	0	0	96
497	956	4562	2259	0	2559	1619	0	0	0	89
498	949	4527	2252	0	2559	1619	0	0	0	82
499	969	4620	2270	0	2559	1619	0	0	0	101
500	968	4616	2269	0	2559	1619	0	0	0	100
501	966	4607	2267	0	2559	1619	0	0	0	98
502	940	4488	2245	0	2559	1619	0	0	0	73
503	905	4321	2213	0	2559	1619	0	0	0	38
504	880	4205	2191	0	2559	1619	0	0	0	13
505	877	4189	2188	0	2559	1619	0	0	0	10
506	876	4187	2187	0	2559	1619	0	0	0	9
507	876	4186	2187	0	2559	1619	0	0	0	9
508	876	4185	2187	0	2559	1619	0	0	0	9
509	876	4184	2187	0	2559	1619	0	0	0	9
510	876	4184	2187	0	2559	1619	0	0	0	9
511	881	4209	2191	0	2559	1619	0	0	0	14
512	932	4448	2237	0	2559	1619	0	0	0	65
513	915	4366	2221	0	2559	1619	0	0	0	47
514	934	4457	2239	0	2559	1619	0	0	0	67
515	924	4410	2230	0	2559	1619	0	0	0	57
516	919	4388	2226	0	2559	1619	0	0	0	52
517	931	4445	2237	0	2559	1619	0	0	0	64
518	918	4382	2224	0	2559	1619	0	0	0	51
519	918	4380	2224	0	2559	1619	0	0	0	50
520	934	4456	2239	0	2559	1619	0	0	0	66
521	933	4450	2238	0	2559	1619	0	0	0	65
522	923	4406	2229	0	2559	1619	0	0	0	56
523	916	4371	2222	0	2559	1619	0	0	0	48
524	928	4428	2233	0	2559	1619	0	0	0	60
525	942	4496	2246	0	2559	1619	0	0	0	75
526	920	4393	2226	0	2559	1619	0	0	0	53
527	890	4253	2200	0	2559	1619	0	0	0	23
528	878	4196	2189	0	2559	1619	0	0	0	11
529	876	4187	2187	0	2559	1619	0	0	0	9
530	876	4187	2187	0	2559	1619	0	0	0	9
531	876	4186	2187	0	2559	1619	0	0	0	9
532	876	4185	2187	0	2559	1619	0	0	0	9
533	876	4184	2187	0	2559	1619	0	0	0	9
534	876	4184	2187	0	2559	1619	0	0	0	9
535	876	4184	2187	0	2559	1619	0	0	0	9
536	909	4341	2217	0	2559	1619	0	0	0	42
537	912	4352	2219	0	2559	1619	0	0	0	44
538	929	4433	2234	0	2559	1619	0	0	0	62
539	939	4481	2243	0	2559	1619	0	0	0	72
540	925	4413	2230	0	2559	1619	0	0	0	57
541	920	4393	2227	0	2559	1619	0	0	0	53
542	936	4465	2240	0	2559	1619	0	0	0	68
543	923	4405	2229	0	2559	1619	0	0	0	55
544	906	4325	2214	0	2559	1619	0	0	0	39
545	910	4343	2217	0	2559	1619	0	0	0	42
546	913	4359	2220	0	2559	1619	0	0	0	46
547	946	4514	2250	0	2559	1619	0	0	0	79
548	960	4580	2262	0	2559	1619	0	0	0	93
549	976	4655	2277	0	2559	1619	0	0	0	109
550	951	4539	2254	0	2559	1619	0	0	0	84
551	887	4236	2197	0	2559	1619	0	0	0	20
552	876	4187	2187	0	2559	1619	0	0	0	9
553	876	4186	2187	0	2559	1619	0	0	0	9
554	872	4168	2184	0	2559	1619	0	0	0	5
555	872	4168	2184	0	2559	1619	0	0	0	5
556	872	4167	2184	0	2559	1619	0	0	0	5
557	871	4163	2183	0	2559	1619	0	0	0	4
558	872	4165	2183	0	2559	1619	0	0	0	5
559	889	4248	2199	0	2559	1619	0	0	0	22
560	926	4421	2232	0	2559	1619	0	0	0	59
561	908	4337	2216	0	2559	1619	0	0	0	41
562	919	4386	2225	0	2559	1619	0	0	0	52
563	921	4398	2228	0	2559	1619	0	0	0	54
564	899	4295	2208	0	2559	1619	0	0	0	32
565	924	4408	2229	0	2559	1619	0	0	0	56
566	941	4489	2245	0	2559	1619	0	0	0	73
567	938	4475	2242	0	2559	1619	0	0	0	71
568	946	4515	2250	0	2559	1619	0	0	0	79
569	948	4524	2251	0	2559	1619	0	0	0	81
570	959	4572	2261	0	2559	1619	0	0	0	91
571	945	4507	2248	0	2559	1619	0	0	0	77
572	948	4524	2252	0	2559	1619	0	0	0	81
573	978	4661	2278	0	2559	1619	0	0	0	110
574	975	4648	2275	0	2559	1619	0	0	0	107
575	907	4331	2215	0	2559	1619	0	0	0	40
576	877	4188	2188	0	2559	1619	0	0	0	10
577	876	4187	2187	0	2559	1619	0	0	0	9
578	872	4165	2183	0	2559	1619	0	0	0	5
579	868	4150	2180	0	2559	1619	0	0	0	1
580	868	4149	2180	0	2559	1619	0	0	0	1
581	868	4149	2180	0	2559	1619	0	0	0	1
582	868	4149	2180	0	2559	1619	0	0	0	1
583	868	4149	2180	0	2559	1619	0	0	0	1
584	871	4162	2183	0	2559	1619	0	0	0	4
585	876	4184	2187	0	2559	1619	0	0	0	9
586	911	4348	2218	0	2559	1619	0	0	0	44
587	913	4359	2220	0	2559	1619	0	0	0	46
588	904	4315	2212	0	2559	1619	0	0	0	37
589	896	4280	2205	0	2559	1619	0	0	0	29
590	911	4349	2218	0	2559	1619	0	0	0	44
591	913	4359	2220	0	2559	1619	0	0	0	46
592	924	4412	2230	0	2559	1619	0	0	0	57
593	965	4602	2266	0	2559	1619	0	0	0	97
594	970	4625	2271	0	2559	1619	0	0	0	102
595	955	4558	2258	0	2559	1619	0	0	0	88
596	968	4614	2269	0	2559	1619	0	0	0	100
597	959	4577	2262	0	2559	1619	0	0	0	92
598	959	4575	2261	0	2559	1619	0	0	0	92
599	880	4203	2190	0	2559	1619	0	0	0	13
600	880	4203	2190	0	2559	1619	0	0	0	13
601	876	4187	2187	0	2559	1619	0	0	0	9
602	868	4150	2180	0	2559	1619	0	0	0	1
603	868	4150	2180	0	2559	1619	0	0	0	1
604	868	4150	2180	0	2559	1619	0	0	0	1
605	868	4150	2180	0	2559	1619	0	0	0	1
606	868	4150	2180	0	2559	1619	0	0	0	1
607	868	4150	2180	0	2559	1619	0	0	0	1
608	868	4150	2180	0	2559	1619	0	0	0	1
609	868	4150	2180	0	2559	1619	0	0	0	1
610	884	4222	2194	0	2559	1619	0	0	0	17
611	881	4207	2191	0	2559	1619	0	0	0	14
612	896	4280	2205	0	2559	1619	0	0	0	29
613	905	4322	2213	0	2559	1619	0	0	0	38
614	902	4309	2210	0	2559	1619	0	0	0	35
615	913	4357	2220	0	2559	1619	0	0	0	45
616	916	4374	2223	0	2559	1619	0	0	0	49
617	944	4502	2247	0	2559	1619	0	0	0	76
618	968	4616	2269	0	2559	1619	0	0	0	100
619	960	4580	2262	0	2559	1619	0	0	0	93
620	977	4658	2277	0	2559	1619	0	0	0	109
621	991	4726	2290	0	2559	1619	0	0	0	124
622	973	4639	2273	0	2559	1619	0	0	0	105
623	879	4197	2189	0	2559	1619	0	0	0	12
624	876	4186	2187	0	2559	1619	0	0	0	9
625	876	4185	2187	0	2559	1619	0	0	0	9
626	876	4184	2187	0	2559	1619	0	0	0	9
627	876	4184	2187	0	2559	1619	0	0	0	9
628	874	4177	2185	0	2559	1619	0	0	0	7
629	874	4177	2185	0	2559	1619	0	0	0	7
630	874	4177	2185	0	2559	1619	0	0	0	7
631	878	4193	2189	0	2559	1619	0	0	0	11
632	930	4440	2235	0	2559	1619	0	0	0	63
633	916	4371	2222	0	2559	1619	0	0	0	48
634	903	4311	2211	0	2559	1619	0	0	0	36
635	951	4538	2254	0	2559	1619	0	0	0	84
636	968	4616	2269	0	2559	1619	0	0	0	100
637	958	4568	2260	0	2559	1619	0	0	0	90
638	957	4564	2259	0	2559	1619	0	0	0	89
639	938	4476	2242	0	2559	1619	0	0	0	71
640	945	4507	2248	0	2559	1619	0	0	0	77
641	988	4708	2287	0	2559	1619	0	0	0	120
642	969	4621	2270	0	2559	1619	0	0	0	102
643	969	4621	2270	0	2559	1619	0	0	0	102
644	989	4715	2288	0	2559	1619	0	0	0	121
645	976	4654	2276	0	2559	1619	0	0	0	109
646	960	4580	2262	0	2559	1619	0	0	0	93
647	902	4309	2211	0	2559	1619	0	0	0	35
648	878	4197	2189	0	2559	1619	0	0	0	11
649	868	4149	2180	0	2559	1619	0	0	0	1
650	868	4149	2180	0	2559	1619	0	0	0	1
651	868	4149	2180	0	2559	1619	0	0	0	1
652	868	4149	2180	0	2559	1619	0	0	0	1
653	868	4149	2180	0	2559	1619	0	0	0	1
654	868	4148	2180	0	2559	1619	0	0	0	1
655	871	4161	2182	0	2559	1619	0	0	0	4
656	895	4273	2204	0	2559	1619	0	0	0	27
657	904	4318	2212	0	2559	1619	0	0	0	37
658	930	4440	2235	0	2559	1619	0	0	0	63
659	945	4511	2249	0	2559	1619	0	0	0	78
660	963	4593	2265	0	2559	1619	0	0	0	95
661	951	4539	2254	0	2559	1619	0	0	0	84
662	967	4611	2268	0	2559	1619	0	0	0	99
663	957	4567	2260	0	2559	1619	0	0	0	90
664	961	4586	2263	0	2559	1619	0	0	0	94
665	959	4575	2261	0	2559	1619	0	0	0	92
666	966	4606	2267	0	2559	1619	0	0	0	98
667	955	4556	2258	0	2559	1619	0	0	0	88
668	952	4540	2255	0	2559	1619	0	0	0	84
669	1012	4823	2308	0	2559	1619	0	0	0	144
670	965	4601	2266	0	2559	1619	0	0	0	97
671	887	4239	2197	0	2559	1619	0	0	0	20
672	873	4170	2184	0	2559	1619	0	0	0	6
673	868	4149	2180	0	2559	1619	0	0	0	1
674	868	4149	2180	0	2559	1619	0	0	0	1
675	868	4149	2180	0	2559	1619	0	0	0	1
676	868	4149	2180	0	2559	1619	0	0	0	1
677	868	4149	2180	0	2559	1619	0	0	0	1
678	868	4149	2180	0	2559	1619	0	0	0	1
679	872	4166	2183	0	2559	1619	0	0	0	5
680	905	4320	2213	0	2559	1619	0	0	0	38
681	896	4280	2205	0	2559	1619	0	0	0	29
682	923	4408	2229	0	2559	1619	0	0	0	56
683	917	4376	2223	0	2559	1619	0	0	0	50
684	911	4348	2218	0	2559	1619	0	0	0	44
685	924	4409	2230	0	2559	1619	0	0	0	56
686	956	4563	2259	0	2559	1619	0	0	0	89
687	953	4547	2256	0	2559	1619	0	0	0	86
688	948	4524	2251	0	2559	1619	0	0	0	81
689	930	4437	2235	0	2559	1619	0	0	0	62
690	948	4524	2251	0	2559	1619	0	0	0	81
691	943	4500	2247	0	2559	1619	0	0	0	76
692	958	4569	2260	0	2559	1619	0	0	0	90
693	983	4685	2282	0	2559	1619	0	0	0	115
694	962	4587	2263	0	2559	1619	0	0	0	94
695	912	4355	2219	0	2559	1619	0	0	0	45
696	879	4198	2190	0	2559	1619	0	0	0	12
697	868	4149	2180	0	2559	1619	0	0	0	1
698	868	4149	2180	0	2559	1619	0	0	0	1
699	868	4149	2180	0	2559	1619	0	0	0	1
700	868	4149	2180	0	2559	1619	0	0	0	1
701	868	4150	2180	0	2559	1619	0	0	0	1
702	868	4150	2180	0	2559	1619	0	0	0	1
703	872	4167	2184	0	2559	1619	0	0	0	5
704	915	4367	2222	0	2559	1619	0	0	0	48
705	903	4311	2211	0	2559	1619	0	0	0	36
706	905	4322	2213	0	2559	1619	0	0	0	38
707	933	4455	2238	0	2559	1619	0	0	0	66
708	930	4437	2235	0	2559	1619	0	0	0	62
709	906	4325	2214	0	2559	1619	0	0	0	39
710	919	4385	2225	0	2559	1619	0	0	0	51
711	929	4436	2235	0	2559	1619	0	0	0	62
712	909	4342	2217	0	2559	1619	0	0	0	42
713	912	4356	2220	0	2559	1619	0	0	0	45
714	898	4290	2207	0	2559	1619	0	0	0	31
715	906	4325	2214	0	2559	1619	0	0	0	39
716	941	4490	2245	0	2559	1619	0	0	0	74
717	973	4638	2273	0	2559	1619	0	0	0	105
718	963	4592	2265	0	2559	1619	0	0	0	95
719	912	4352	2219	0	2559	1619	0	0	0	44
720	884	4221	2194	0	2559	1619	0	0	0	17
;


param q_act  :=    

1	23572.11
2	23048.11
3	22497.11
4	22204.11
5	22698.11
6	23813.53
7	26123.53
8	28155.53
9	30134.53
10	30544.53
11	32028.53
12	32542.53
13	32811.53
14	33594.53
15	34066.53
16	34322.53
17	34594.53
18	34509.53
19	33813.53
20	33235.53
21	34614.53
22	33160.53
23	29797.53
24	26339.53
25	24258.54
26	23688.54
27	22791.54
28	22465.54
29	22729.54
30	24192.87
31	26684.87
32	28501.87
33	30247.87
34	31671.87
35	32919.88
36	33438.88
37	34039.88
38	35070.88
39	35260.88
40	36143.88
41	36697.88
42	36473.88
43	35204.88
44	33638.88
45	34678.88
46	33236.88
47	30382.87
48	27661.87
49	26125.51
50	25083.51
51	24120.51
52	23530.51
53	23682.51
54	25041.69
55	27188.69
56	28823.69
57	31222.69
58	32928.69
59	34550.69
60	35676.69
61	35803.69
62	37270.69
63	37832.69
64	37946.69
65	38083.69
66	37647.69
67	37371.69
68	35935.69
69	35999.69
70	34820.69
71	32548.69
72	29703.69
73	27650.5
74	26403.5
75	25271.5
76	24720.5
77	24563.5
78	25127.12
79	25310.12
80	25587.12
81	27940.12
82	30567.12
83	32257.12
84	32961.13
85	32941.13
86	33490.13
87	33650.13
88	33672.13
89	33783.13
90	34026.13
91	33614.13
92	33676.13
93	34467.13
94	33283.13
95	31327.12
96	29487.12
97	27817.92
98	26559.92
99	25243.92
100	24694.92
101	24353.92
102	24662.48
103	25039.48
104	25429.48
105	27412.48
106	29399.48
107	30561.48
108	31444.48
109	32245.48
110	32585.48
111	32645.48
112	33042.48
113	33309.48
114	32954.48
115	32517.48
116	32831.48
117	33269.48
118	32823.48
119	31265.48
120	29695.48
121	27597.79
122	26252.79
123	25521.79
124	25455.79
125	25529.79
126	25795.8
127	25897.8
128	26192.8
129	28521.8
130	30987.8
131	33229.8
132	34623.8
133	35420.8
134	35847.8
135	36046.8
136	36102.8
137	36657.8
138	35905.8
139	34824.8
140	34951.8
141	36177.8
142	35598.8
143	33143.8
144	30728.8
145	28412.74
146	27429.74
147	26795.74
148	26402.74
149	26464.74
150	28112.47
151	31624.47
152	33860.47
153	34880.47
154	35706.47
155	37168.47
156	38417.47
157	39187.47
158	40365.47
159	41212.47
160	42077.47
161	42680.47
162	42451.47
163	41108.47
164	40584.47
165	41211.47
166	39449.47
167	35940.47
168	32726.47
169	29872.63
170	28854.63
171	27720.63
172	27174.63
173	27361.63
174	29104.3
175	31870.3
176	34020.3
177	34461.3
178	36734.3
179	38147.3
180	39625.3
181	40760.3
182	41744.3
183	42208.3
184	43380.3
185	43730.3
186	43220.3
187	41538.3
188	40324.3
189	40615.3
190	38531.3
191	34736.3
192	31978.3
193	30400.26
194	28805.26
195	27828.26
196	27331.26
197	27689.26
198	29430.35
199	31615.35
200	32539.35
201	33501.35
202	34969.35
203	36335.35
204	37373.35
205	38625.35
206	39925.35
207	40858.35
208	41120.35
209	41032.35
210	39956.35
211	37946.35
212	37357.35
213	37126.35
214	35166.35
215	32260.35
216	31276.35
217	29634.24
218	27747.24
219	26367.24
220	25912.24
221	26496.24
222	27743.41
223	30924.41
224	32443.41
225	33217.41
226	33979.41
227	34415.41
228	34962.41
229	35356.41
230	35965.41
231	36093.41
232	36457.41
233	36770.41
234	36030.41
235	34517.41
236	33542.41
237	33637.41
238	31810.41
239	29756.41
240	28349.41
241	26219
242	24345
243	23686
244	22746
245	22508
246	23042.94
247	23640.94
248	24039.94
249	26058.94
250	27768.94
251	28817.94
252	29309.94
253	29218.94
254	29219.94
255	29384.94
256	29639.94
257	29668.94
258	29840.94
259	29171.94
260	28948.94
261	29442.94
262	28126.94
263	26564.94
264	24848.94
265	23508.6
266	22558.6
267	21672.6
268	21225.6
269	21105.6
270	21216.87
271	21156.87
272	21265.87
273	23467.87
274	25305.87
275	26488.87
276	27085.87
277	28391.87
278	28382.87
279	28961.87
280	29690.87
281	30297.87
282	31082.87
283	29965.87
284	29725.87
285	31136.87
286	29765.87
287	27590.87
288	25170.87
289	24387.19
290	23347.19
291	23048.19
292	23081.19
293	23349.19
294	24747.53
295	27319.53
296	28280.53
297	29131.53
298	31288.53
299	32235.53
300	33004.53
301	33533.53
302	33897.53
303	34234.53
304	34526.53
305	34358.53
306	33896.53
307	32710.53
308	32928.53
309	33149.53
310	31601.53
311	29447.53
312	27432.53
313	25814.27
314	25260.27
315	24476.27
316	24097.27
317	24077.27
318	25054.72
319	27985.72
320	29945.72
321	30362.72
322	31687.72
323	33072.72
324	33682.72
325	33894.72
326	34698.72
327	34962.72
328	34960.72
329	35077.72
330	34831.72
331	33712.72
332	34021.72
333	33845.72
334	32166.72
335	29582.72
336	27900.72
337	26388.26
338	25262.26
339	24627.26
340	24239.26
341	24520.26
342	25864.6
343	29047.6
344	30820.6
345	30932.6
346	31362.6
347	31585.6
348	31935.6
349	31800.6
350	31824.6
351	31074.6
352	30859.6
353	31109.6
354	31007.6
355	30353.6
356	30730.6
357	30465.6
358	29020.6
359	27030.6
360	25481.6
361	24504.4
362	23968.4
363	23475.4
364	23305.4
365	23455.4
366	24682.4
367	27019.4
368	27918.4
369	28726.4
370	30055.4
371	31240.4
372	31000.4
373	30131.4
374	29763.4
375	29095.4
376	28737.4
377	28703.4
378	28019.4
379	27237.4
380	26736.4
381	26412.4
382	25105.4
383	23372.4
384	22171.4
385	21658.72
386	21404.72
387	21039.72
388	21879.72
389	21973.72
390	22665.05
391	23584.05
392	26346.05
393	27740.05
394	28803.05
395	29096.05
396	29343.05
397	29619.05
398	29972.05
399	29946.05
400	29969.05
401	29656.05
402	29288.05
403	28667.05
404	29076.05
405	28799.05
406	27716.05
407	26162.05
408	24540.05
409	23414.58
410	22610.58
411	21093.58
412	20624.58
413	20536.58
414	20987.97
415	22426.97
416	22544.97
417	24649.97
418	26300.97
419	27055.97
420	27326.97
421	27229.97
422	27011.97
423	26778.97
424	26833.97
425	26543.97
426	26537.97
427	26354.97
428	27173.97
429	27329.97
430	26360.97
431	24990.97
432	23864.97
433	22466.46
434	21930.46
435	20865.46
436	20111.46
437	19856.46
438	19877.75
439	20041.75
440	19937.75
441	21077.75
442	24101.75
443	24391.75
444	24283.75
445	25947.75
446	26213.75
447	26148.75
448	26217.75
449	26570.75
450	26891.75
451	26646.75
452	27981.75
453	28366.75
454	27283.75
455	25689.75
456	24337.75
457	22863.73
458	21935.73
459	21474.73
460	21252.73
461	21785.73
462	23112.47
463	26227.47
464	27359.47
465	27920.47
466	29172.47
467	29998.47
468	30213.47
469	30498.47
470	31486.47
471	31570.47
472	31603.47
473	31400.47
474	31311.47
475	31037.47
476	31950.47
477	31725.47
478	30203.47
479	27408.47
480	25926.47
481	24502.35
482	23747.35
483	23186.35
484	22877.35
485	22748.35
486	24404.77
487	27200.77
488	29559.77
489	29449.77
490	30114.77
491	30783.77
492	30915.77
493	30885.77
494	30809.77
495	30551.77
496	30015.77
497	30094.77
498	30168.77
499	29912.77
500	30093.77
501	29705.77
502	28137.77
503	26154.77
504	24840.77
505	23177.56
506	22578.56
507	22400.56
508	22094.56
509	22183.56
510	23648.16
511	27047.16
512	29314.16
513	29148.16
514	28114.16
515	27741.16
516	27340.16
517	27339.16
518	27185.16
519	26611.16
520	26641.16
521	26674.16
522	26731.16
523	26636.16
524	27815.16
525	28517.16
526	26955.16
527	24810.16
528	24095.16
529	23216.95
530	22370.95
531	22017.95
532	21821.95
533	22049.95
534	23373.55
535	26877.55
536	28610.55
537	27900.55
538	28525.55
539	28893.55
540	29047.55
541	29056.55
542	29865.55
543	29757.55
544	29697.55
545	29380.55
546	29151.55
547	28629.55
548	30109.55
549	29952.55
550	28587.55
551	26471.55
552	24652.55
553	22873.2
554	22126.2
555	21696.2
556	21336.2
557	21791.2
558	23046.69
559	26228.69
560	27686.69
561	27880.69
562	28560.69
563	29680.69
564	30167.69
565	30418.69
566	30625.69
567	30464.69
568	30371.69
569	30263.69
570	29646.69
571	29031.69
572	29630.69
573	29279.69
574	28016.69
575	26396.69
576	24782.69
577	23573.4
578	22616.4
579	21867.4
580	21446.4
581	21458.4
582	22108.87
583	22739.87
584	23234.87
585	25513.87
586	27434.87
587	28703.87
588	28973.87
589	28725.87
590	28698.87
591	28794.87
592	28596.87
593	28602.87
594	28312.87
595	27850.87
596	28993.87
597	28724.87
598	27230.87
599	25763.87
600	24169.87
601	22801.16
602	21443.16
603	21394.16
604	21199.16
605	21291.16
606	20795.58
607	21046.58
608	21612.58
609	23132.58
610	24394.58
611	25383.58
612	26097.58
613	26657.58
614	26983.58
615	27041.58
616	27217.58
617	27605.58
618	27817.58
619	27901.58
620	29611.58
621	30181.58
622	28454.58
623	26601.58
624	24418.58
625	22403.01
626	21715.01
627	21096.01
628	20787.01
629	21397.01
630	23480.32
631	26139.32
632	27877.32
633	28784.32
634	30137.32
635	31490.32
636	31557.32
637	31748.32
638	32016.32
639	31900.32
640	31478.32
641	31798.32
642	31563.32
643	31216.32
644	31960.32
645	31299.32
646	29677.32
647	27571.32
648	25668.32
649	24188.19
650	23572.19
651	22756.19
652	22857.19
653	23166.19
654	24682.2
655	27797.2
656	30138.2
657	30748.2
658	31834.2
659	32583.2
660	33032.2
661	33011.2
662	33785.2
663	34146.2
664	33880.2
665	33765.2
666	33364.2
667	32907.2
668	34068.2
669	34033.2
670	32525.2
671	29477.2
672	26987.2
673	25480.48
674	24704.48
675	24201.48
676	23384.48
677	23219.48
678	24258.82
679	27553.82
680	29041.82
681	30283.82
682	31449.82
683	32150.82
684	32004.82
685	31823.82
686	31841.82
687	31522.82
688	31529.82
689	31404.82
690	31218.82
691	30589.82
692	31724.82
693	31554.82
694	30109.82
695	27622.82
696	26122.82
697	24587.96
698	23572.96
699	23375.96
700	22945.96
701	22878.96
702	23940.49
703	25974.49
704	27267.49
705	27487.49
706	28092.49
707	28417.49
708	28775.49
709	28617.49
710	28829.49
711	28742.49
712	28499.49
713	28262.49
714	27972.49
715	27523.49
716	28462.49
717	28572.49
718	27673.49
719	25067.49
720	24174.49
;

param a_hat :=

1	23263
2	22393
3	21797
4	21334
5	21705
6	23441
7	26295
8	28041
9	29806
10	30927
11	32047
12	32979
13	33215
14	33717
15	33955
16	34239
17	34110
18	33733
19	32856
20	32360
21	33458
22	32033
23	29255
24	26526
25	24038
26	22944
27	22184
28	21851
29	22011
30	23506
31	26775
32	29045
33	30707
34	32112
35	33336
36	34218
37	34473
38	34937
39	35180
40	35776
41	35925
42	35626
43	34711
44	33944
45	34926
46	33545
47	30543
48	27806
49	25230
50	23889
51	23054
52	22533
53	22645
54	24087
55	26947
56	29041
57	31162
58	32962
59	34346
60	35856
61	36145
62	36820
63	37103
64	37078
65	36719
66	35960
67	35387
68	35110
69	35450
70	34290
71	32182
72	29573
73	26976
74	25532
75	24347
76	23692
77	23516
78	23989
79	24665
80	25579
81	27824
82	30409
83	32133
84	33295
85	33475
86	33552
87	33459
88	33342
89	33069
90	32951
91	32648
92	32845
93	33650
94	32826
95	31095
96	28960
97	26922
98	25524
99	24492
100	23982
101	23577
102	23856
103	24220
104	24956
105	26830
106	28937
107	30284
108	31166
109	32005
110	32205
111	32054
112	32041
113	32235
114	32327
115	31959
116	32201
117	32763
118	32060
119	30690
120	28824
121	26910
122	25504
123	24546
124	24157
125	24101
126	24658
127	25337
128	25894
129	28284
130	30967
131	33609
132	35667
133	36843
134	37334
135	37335
136	37210
137	37481
138	37375
139	36635
140	36755
141	37366
142	36022
143	33328
144	30839
145	28744
146	27365
147	26649
148	26131
149	26241
150	28014
151	31931
152	34986
153	36707
154	37860
155	39157
156	40080
157	40764
158	41614
159	42065
160	42518
161	43056
162	42908
163	41829
164	41527
165	42100
166	40028
167	36447
168	32798
169	29837
170	28391
171	27419
172	26833
173	27000
174	28793
175	31930
176	35141
177	36545
178	38250
179	40162
180	41401
181	42759
182	43950
183	44122
184	44851
185	45430
186	44933
187	43515
188	42807
189	43020
190	40690
191	36757
192	32947
193	30170
194	28549
195	27367
196	26554
197	26689
198	28763
199	32366
200	34779
201	36247
202	37825
203	39519
204	40871
205	42205
206	43727
207	44384
208	44608
209	44400
210	43237
211	41417
212	40839
213	40331
214	38133
215	34173
216	31722
217	29433
218	27368
219	26098
220	25506
221	25734
222	27249
223	31136
224	33712
225	35087
226	36020
227	36840
228	37355
229	37445
230	38124
231	38342
232	38717
233	39007
234	38598
235	36997
236	36066
237	36005
238	34018
239	31237
240	28391
241	26194
242	24083
243	23264
244	22349
245	21958
246	22449
247	23247
248	24160
249	26597
250	28531
251	29657
252	30344
253	30491
254	30651
255	30657
256	30917
257	30968
258	30827
259	30216
260	29970
261	30399
262	29007
263	27172
264	24937
265	22849
266	21471
267	20706
268	20151
269	19947
270	20154
271	20522
272	21267
273	23141
274	25112
275	26640
276	27598
277	28773
278	29264
279	29629
280	30118
281	30339
282	30999
283	30556
284	30706
285	31605
286	30168
287	27981
288	25315
289	23730
290	22348
291	21863
292	21744
293	21996
294	24009
295	27524
296	29795
297	30862
298	32834
299	34339
300	35119
301	35575
302	36119
303	36270
304	36551
305	36721
306	36258
307	35006
308	35045
309	35165
310	33240
311	30176
312	27275
313	24748
314	23873
315	23089
316	22805
317	23015
318	24584
319	28252
320	30990
321	32326
322	33418
323	34776
324	35687
325	36227
326	36545
327	36979
328	37198
329	37049
330	36580
331	35760
332	36221
333	36370
334	34538
335	31589
336	28545
337	26218
338	24932
339	24176
340	23857
341	24114
342	25837
343	29781
344	32430
345	33490
346	34354
347	34954
348	35164
349	35165
350	35126
351	34533
352	34431
353	34499
354	34428
355	33911
356	34226
357	33880
358	32263
359	29384
360	26802
361	24852
362	23642
363	22975
364	22767
365	23237
366	25022
367	28508
368	30766
369	32293
370	33035
371	33810
372	34135
373	33431
374	32703
375	31636
376	30683
377	30345
378	29647
379	28889
380	28472
381	27969
382	26560
383	24456
384	22254
385	20562
386	19895
387	19416
388	20211
389	20505
390	21598
391	23347
392	26550
393	28082
394	29354
395	29895
396	30306
397	30426
398	30664
399	30702
400	30449
401	30225
402	29748
403	28750
404	29269
405	29221
406	28081
407	26183
408	23964
409	21928
410	21110
411	20097
412	19694
413	19651
414	19961
415	21255
416	21996
417	24255
418	26049
419	27085
420	27485
421	27443
422	27215
423	27005
424	27089
425	27023
426	26899
427	26630
428	27467
429	27662
430	26499
431	24807
432	23112
433	21273
434	20374
435	19553
436	19009
437	18769
438	18895
439	19130
440	19503
441	20661
442	23629
443	24252
444	24328
445	25921
446	26127
447	26088
448	26123
449	26353
450	26721
451	26581
452	27920
453	28377
454	27049
455	25293
456	23557
457	22034
458	20706
459	20310
460	20131
461	20490
462	22227
463	25625
464	28045
465	29228
466	30568
467	31829
468	32480
469	32395
470	32905
471	33066
472	33035
473	32885
474	32539
475	32098
476	33130
477	33003
478	31282
479	28465
480	25862
481	23652
482	22768
483	22081
484	21935
485	22139
486	23735
487	27345
488	30411
489	31248
490	31773
491	32422
492	32515
493	32297
494	32186
495	31584
496	31346
497	31345
498	31234
499	31367
500	31725
501	31086
502	29301
503	26629
504	24199
505	22110
506	21189
507	20838
508	20701
509	20865
510	22592
511	26308
512	28732
513	29668
514	29974
515	30195
516	30040
517	29910
518	30301
519	29789
520	29667
521	29662
522	29525
523	29311
524	30464
525	30896
526	29394
527	26592
528	24029
529	22237
530	21084
531	20712
532	20670
533	20915
534	22600
535	26478
536	29111
537	29131
538	29664
539	30276
540	30616
541	30431
542	30813
543	30948
544	30872
545	30962
546	30699
547	30180
548	31668
549	31448
550	29718
551	27180
552	24489
553	22444
554	21320
555	20920
556	20599
557	21001
558	22568
559	26205
560	28604
561	29308
562	30034
563	30921
564	31331
565	31612
566	31904
567	31956
568	31848
569	31585
570	31060
571	30104
572	31020
573	30565
574	29217
575	27063
576	24540
577	22738
578	21418
579	20680
580	20252
581	20235
582	20816
583	21927
584	22942
585	25057
586	26752
587	27867
588	28367
589	28483
590	28360
591	28367
592	28256
593	28362
594	28114
595	27743
596	28848
597	28629
598	27316
599	25531
600	23541
601	21705
602	20396
603	20466
604	19988
605	19986
606	19540
607	20127
608	20756
609	22541
610	24180
611	25075
612	25851
613	26362
614	26498
615	26611
616	26738
617	27087
618	27324
619	27323
620	28917
621	29281
622	27950
623	26028
624	24060
625	22243
626	21230
627	20825
628	20611
629	21031
630	23205
631	27125
632	29779
633	30977
634	31903
635	32803
636	33195
637	33129
638	33456
639	33384
640	33152
641	33102
642	33182
643	33087
644	34403
645	33687
646	31843
647	29119
648	26453
649	24281
650	23253
651	22455
652	22335
653	22655
654	24498
655	28215
656	31033
657	32004
658	32991
659	33802
660	34297
661	34417
662	34884
663	34944
664	34915
665	34660
666	34432
667	34170
668	34903
669	34431
670	32717
671	29969
672	27054
673	24859
674	23692
675	23279
676	22766
677	22924
678	24814
679	29004
680	31451
681	32297
682	33426
683	34311
684	34693
685	34794
686	35093
687	35055
688	34885
689	34888
690	34426
691	34109
692	35047
693	34447
694	32722
695	29801
696	27248
697	25088
698	23581
699	22851
700	22418
701	22560
702	24174
703	27507
704	29696
705	30419
706	31358
707	31788
708	31937
709	31860
710	31892
711	31714
712	31542
713	31343
714	30907
715	30335
716	31529
717	31456
718	29799
719	27280
720	24466;           

param p_act :=

1	11.57
2	11.35
3	10.52
4	10.70
5	11.20
6	11.82
7	15.52
8	20.88
9	24.50
10	18.83
11	33.66
12	18.97
13	17.57
14	23.82
15	31.80
16	21.27
17	27.32
18	26.53
19	17.39
20	35.30
21	34.67
22	29.58
23	15.88
24	11.22
25	11.40
26	10.92
27	10.11
28	7.49
29	8.23
30	11.80
31	17.62
32	16.81
33	18.17
34	23.44
35	34.57
36	34.60
37	39.56
38	43.48
39	34.82
40	46.22
41	62.20
42	55.75
43	20.11
44	21.17
45	26.73
46	20.57
47	15.49
48	13.06
49	12.14
50	11.47
51	11.24
52	10.98
53	11.10
54	12.68
55	16.06
56	18.39
57	20.99
58	23.33
59	43.53
60	32.90
61	22.41
62	61.83
63	55.02
64	34.33
65	34.05
66	46.34
67	85.92
68	30.32
69	70.98
70	36.20
71	21.12
72	16.90
73	16.56
74	15.27
75	11.77
76	12.00
77	11.93
78	13.90
79	11.91
80	12.93
81	24.50
82	19.50
83	32.05
84	21.05
85	18.89
86	22.74
87	30.58
88	19.49
89	18.67
90	24.12
91	25.99
92	32.98
93	39.72
94	19.64
95	16.35
96	16.42
97	16.61
98	13.53
99	12.73
100	11.41
101	11.27
102	12.35
103	12.49
104	13.04
105	20.78
106	16.71
107	18.42
108	37.32
109	27.97
110	19.05
111	25.67
112	44.67
113	43.67
114	18.18
115	17.78
116	35.33
117	59.11
118	39.99
119	17.64
120	17.16
121	15.85
122	12.62
123	11.85
124	12.34
125	12.60
126	12.84
127	12.42
128	12.92
129	20.13
130	24.50
131	49.11
132	42.31
133	36.24
134	31.08
135	32.36
136	41.00
137	64.90
138	47.41
139	20.09
140	42.17
141	75.00
142	69.52
143	29.82
144	24.49
145	18.77
146	18.53
147	15.33
148	12.36
149	14.68
150	24.22
151	59.98
152	57.92
153	28.19
154	35.75
155	43.57
156	45.13
157	46.40
158	49.84
159	56.86
160	66.94
161	67.67
162	61.58
163	37.33
164	43.62
165	46.84
166	38.08
167	21.27
168	19.00
169	18.78
170	17.70
171	14.70
172	14.33
173	15.01
174	20.10
175	28.53
176	20.15
177	20.88
178	31.67
179	32.85
180	41.51
181	46.51
182	46.13
183	47.04
184	49.18
185	46.68
186	46.12
187	39.88
188	33.84
189	39.27
190	29.13
191	20.17
192	21.35
193	18.95
194	14.32
195	14.27
196	13.84
197	15.20
198	18.61
199	20.69
200	19.52
201	21.93
202	27.39
203	35.81
204	33.00
205	53.16
206	46.18
207	47.09
208	46.64
209	46.29
210	32.11
211	25.03
212	26.79
213	26.00
214	16.70
215	18.29
216	20.18
217	15.54
218	12.58
219	12.67
220	12.63
221	12.81
222	17.45
223	29.22
224	18.98
225	19.00
226	19.58
227	19.51
228	20.01
229	20.66
230	22.37
231	23.27
232	23.68
233	27.50
234	23.18
235	16.48
236	17.19
237	23.53
238	21.00
239	23.50
240	23.12
241	12.80
242	13.00
243	11.27
244	10.98
245	11.07
246	11.90
247	11.90
248	14.01
249	17.93
250	22.71
251	20.88
252	21.51
253	19.10
254	18.30
255	22.28
256	20.58
257	20.98
258	24.78
259	17.75
260	19.46
261	19.00
262	15.35
263	13.86
264	11.91
265	11.05
266	10.40
267	7.43
268	1.00
269	1.00
270	7.37
271	9.91
272	9.78
273	13.71
274	16.57
275	16.81
276	22.43
277	27.42
278	19.06
279	21.92
280	23.87
281	37.53
282	36.85
283	18.47
284	34.47
285	44.21
286	17.72
287	16.23
288	15.05
289	12.45
290	11.42
291	11.50
292	11.83
293	12.12
294	15.35
295	18.19
296	16.21
297	20.05
298	23.74
299	29.39
300	24.85
301	27.84
302	27.83
303	29.66
304	32.56
305	27.95
306	21.69
307	19.16
308	23.46
309	20.77
310	20.39
311	17.43
312	16.00
313	15.95
314	13.45
315	12.05
316	11.57
317	12.09
318	15.27
319	28.48
320	20.51
321	15.67
322	23.62
323	33.94
324	29.37
325	24.85
326	34.95
327	27.54
328	29.17
329	26.84
330	24.28
331	17.69
332	27.06
333	22.37
334	21.15
335	19.68
336	18.03
337	16.78
338	16.34
339	15.83
340	14.00
341	14.92
342	25.91
343	57.84
344	40.37
345	20.75
346	23.00
347	29.93
348	23.01
349	19.73
350	19.49
351	20.64
352	15.67
353	16.88
354	16.32
355	16.86
356	21.96
357	20.20
358	17.72
359	15.62
360	13.98
361	13.61
362	11.42
363	11.40
364	11.26
365	13.14
366	15.27
367	16.78
368	16.00
369	16.46
370	24.72
371	21.72
372	17.02
373	15.26
374	14.86
375	12.53
376	13.09
377	13.66
378	12.64
379	12.88
380	13.57
381	13.69
382	11.45
383	7.88
384	5.26
385	1.00
386	1.00
387	1.00
388	1.00
389	0.79
390	10.67
391	14.93
392	15.58
393	18.33
394	20.59
395	20.34
396	19.08
397	19.08
398	20.33
399	19.00
400	18.38
401	16.12
402	16.79
403	14.98
404	21.27
405	21.07
406	22.12
407	17.12
408	14.19
409	14.00
410	13.17
411	11.04
412	11.50
413	11.53
414	12.65
415	13.86
416	13.53
417	30.26
418	23.49
419	24.75
420	24.07
421	17.50
422	18.44
423	19.00
424	18.93
425	15.73
426	18.36
427	16.95
428	39.99
429	19.90
430	17.97
431	13.97
432	13.53
433	12.47
434	12.46
435	10.80
436	10.79
437	10.80
438	10.71
439	10.45
440	11.10
441	15.32
442	15.46
443	15.00
444	15.00
445	15.62
446	16.14
447	15.07
448	15.04
449	18.46
450	14.08
451	13.80
452	37.51
453	19.77
454	17.88
455	14.02
456	12.57
457	11.40
458	11.06
459	10.96
460	10.94
461	11.10
462	12.12
463	20.19
464	13.42
465	20.20
466	24.79
467	31.60
468	20.17
469	20.19
470	31.40
471	24.25
472	23.12
473	23.42
474	28.04
475	25.08
476	64.60
477	33.21
478	23.83
479	17.85
480	15.60
481	16.85
482	12.78
483	13.60
484	11.91
485	11.47
486	15.70
487	28.20
488	24.88
489	17.25
490	23.54
491	30.02
492	20.79
493	19.12
494	18.23
495	18.00
496	17.28
497	17.33
498	17.53
499	15.21
500	17.77
501	15.99
502	14.18
503	15.00
504	12.96
505	11.42
506	11.53
507	11.15
508	10.41
509	10.60
510	16.07
511	18.72
512	20.73
513	9.67
514	11.02
515	11.22
516	13.58
517	19.49
518	14.25
519	13.21
520	15.30
521	15.79
522	17.52
523	17.76
524	43.71
525	33.01
526	17.48
527	15.08
528	15.03
529	12.44
530	11.75
531	11.60
532	11.60
533	11.77
534	17.57
535	26.67
536	18.04
537	18.23
538	20.12
539	18.22
540	17.47
541	20.38
542	30.05
543	29.03
544	28.19
545	20.72
546	17.57
547	16.79
548	43.74
549	17.53
550	17.42
551	14.51
552	12.81
553	12.38
554	12.18
555	10.88
556	10.94
557	11.65
558	13.67
559	23.81
560	17.40
561	17.35
562	21.26
563	29.67
564	29.44
565	28.76
566	28.75
567	24.82
568	20.43
569	18.56
570	15.86
571	15.48
572	17.86
573	17.16
574	15.82
575	16.87
576	16.21
577	13.70
578	11.87
579	11.41
580	11.30
581	11.34
582	12.11
583	12.39
584	11.86
585	15.92
586	21.19
587	19.93
588	31.68
589	18.03
590	18.58
591	17.72
592	16.28
593	17.02
594	15.60
595	13.58
596	23.21
597	15.49
598	15.74
599	12.13
600	12.00
601	11.65
602	10.26
603	10.18
604	10.20
605	10.20
606	10.26
607	10.38
608	10.45
609	11.62
610	12.82
611	14.58
612	14.17
613	16.28
614	16.88
615	16.81
616	16.93
617	17.11
618	16.96
619	16.40
620	47.81
621	31.67
622	19.68
623	15.82
624	12.84
625	10.74
626	10.85
627	10.10
628	10.03
629	11.23
630	12.92
631	16.65
632	22.14
633	18.17
634	31.89
635	33.96
636	26.42
637	41.08
638	41.83
639	30.60
640	28.14
641	36.31
642	31.87
643	51.49
644	52.91
645	31.60
646	28.61
647	23.43
648	13.36
649	13.41
650	12.80
651	12.33
652	12.72
653	13.07
654	23.06
655	46.42
656	36.55
657	25.57
658	30.32
659	38.70
660	56.99
661	35.03
662	58.72
663	51.16
664	28.93
665	28.94
666	28.96
667	24.68
668	39.10
669	29.94
670	29.91
671	27.74
672	25.12
673	14.47
674	13.51
675	14.42
676	13.54
677	13.88
678	15.57
679	24.92
680	27.48
681	32.71
682	51.51
683	43.22
684	30.00
685	29.65
686	29.65
687	27.09
688	30.74
689	31.56
690	30.46
691	28.18
692	53.17
693	33.91
694	27.95
695	25.74
696	21.13
697	14.16
698	12.80
699	12.91
700	12.92
701	13.21
702	14.60
703	20.76
704	24.88
705	26.26
706	33.88
707	32.88
708	32.41
709	28.98
710	33.26
711	33.30
712	33.37
713	33.09
714	26.08
715	16.31
716	23.72
717	18.93
718	18.33
719	19.69
720	16.83
;
         
param b :=

1	860.6577
2	869.264277
3	861.5183577
4	628.7176
5	1092.598
;
     