set     FIRMS :=           AES     DUKE    DYN     MIR     REL    FR ;
set     THERMLINE:=         1,      2,      3, 4, 5       ;
set     TFIRMS :=          AES     DUKE    DYN     MIR     REL   FR   ;

param   T :=                720;
param   Tdata :=                720;
param   ST :=                1;

param BT :=		199906000;

param   firmtype :=        AES      2      DUKE     2      DYN      2      MIR      2      REL      2    FR    1     ;

param   k :         AES     DUKE    DYN     MIR     REL     FR   :=
                        	
1	26.2763	26.5773	24.7009	26.8462	24.5551	27.7583
2	26.7315	30.1448	26.4688	27.0669	25.6456	31.8488
3	27.2973	34.7421	28.7443	28.3748	26.7952	34.2444
4	29.3533	47.8607	31.1763	29.0793	27.2972	35.0448
5	30.7142	51.1298	53.8800	35.0739	34.2566	38.9966
;

param   mc:                 AES     DUKE    DYN     MIR     REL     FR    :=
1	0.00053	0.00286	0.00105	0.00025	0.00174	0.01599
2	0.00047	0.00796	0.00369	0.00204	0.00089	0.01196
3	0.00226	0.02172	0.00553	0.00245	0.00063	0.00466
4	0.00295	0.01651	0.06191	0.00733	0.01595	0.03200
5	0.06870	0.35536	0.69403	0.00646	0.11514	0.23486
;

param   maxtherm:                AES     DUKE    DYN     MIR     REL     FR    :=
1	860	1248	1681	888	625	256
2	1197	577	616	641	1295	200
3	910	604	440	288	793	172
4	461	198	367	818	436	124
5	250	42	14	49	310	89
;

param b :=

1	5392.397
2	5446.32097
3	5397.789397
4	4011.515
5	6773.278
;


param q_act  :=    
1	1561.444
2	1355.619
3	1127.361
4	996.0132
5	1351.117
6	1613.573
7	1913.834
8	2160.573
9	2297.63
10	2388.457
11	2379.594
12	2705.392
13	2620.014
14	2696.749
15	2715.672
16	3376.331
17	3341.029
18	2876.773
19	2820.838
20	2853.982
21	3269.385
22	3502.29
23	2565.03
24	2452.246
25	2144.344
26	1819.777
27	1398.599
28	1259.167
29	1681.874
30	2085.772
31	2450.986
32	2783.128
33	2738.647
34	2711.323
35	3107.256
36	2857.818
37	2377.937
38	2608.114
39	2629.775
40	3218.405
41	3075.656
42	2759.408
43	2991.752
44	2857.112
45	3168.832
46	3365.743
47	2984.173
48	2692.652
49	2178.354
50	1739.299
51	1397.957
52	1317.6
53	1766.209
54	2390.779
55	2126.845
56	2554.455
57	2610.311
58	2256.033
59	2309.632
60	2316.16
61	2259.023
62	2332.335
63	2234.118
64	2628.418
65	2817.366
66	2566.223
67	2696.497
68	2667.311
69	3226.973
70	3354.484
71	2958.827
72	2492.337
73	1876.465
74	1762.291
75	1479.882
76	1354.725
77	1767.545
78	2176.556
79	2065.889
80	2635.947
81	2797.757
82	2290.062
83	2254.461
84	2106.777
85	2081.866
86	2132.812
87	2094.506
88	2566.692
89	2357.742
90	2227.5
91	2251.617
92	2246.421
93	2484.389
94	2773.693
95	2618.264
96	2591.677
97	1557.787
98	1593.781
99	1404.645
100	1330.223
101	1403.101
102	1568.663
103	1905.559
104	2095.517
105	2129.945
106	1529.155
107	1438.375
108	1667.762
109	1389.077
110	1327.403
111	1247.036
112	1832.503
113	1821.523
114	1825.781
115	1933.317
116	1944.732
117	2204.395
118	2771.097
119	2615.527
120	2447.837
121	1968.256
122	1323.49
123	1045.288
124	980.7673
125	1136.508
126	1481.149
127	1593.352
128	1761.424
129	1890.334
130	1919.482
131	1815.559
132	1743.015
133	1901.904
134	1849.826
135	1585.627
136	2105.155
137	2168.466
138	2148.912
139	2191.732
140	2051.25
141	2037.462
142	2515.742
143	2262.677
144	1909.048
145	1507.97
146	1303.237
147	1057.384
148	1166.178
149	1692.23
150	1851.292
151	2222.184
152	2177.888
153	2255.128
154	2014.271
155	2021.515
156	2162.942
157	2118.402
158	2122.463
159	2152.451
160	2618.99
161	2755.583
162	2726.749
163	2765.36
164	2610.023
165	2921.549
166	3056.879
167	2920.487
168	2321.011
169	1637.06
170	1442.795
171	1303.074
172	1281.526
173	1451.067
174	2061.125
175	2275.081
176	2553.763
177	2620.943
178	2380.678
179	2652.495
180	2598.265
181	2756.46
182	2864.851
183	3040.262
184	3504.743
185	3490.397
186	3131.38
187	2863.62
188	2704.344
189	3105.299
190	3493.703
191	3041.507
192	2542.859
193	2030.167
194	1902.121
195	1548.177
196	1480.308
197	1851.296
198	2529.747
199	2633.724
200	2840.163
201	2912.9
202	2919.001
203	3207.853
204	3323.734
205	3554.944
206	3797.213
207	4017.172
208	4520.645
209	4216.313
210	3699.079
211	3504.164
212	3277.532
213	4083.712
214	4556.118
215	3789.645
216	3224.409
217	2531.433
218	2020.277
219	1646.023
220	1446.533
221	1894.192
222	2494.672
223	2497.43
224	2514.983
225	2651.083
226	2670.376
227	2971.895
228	3199.661
229	3075.948
230	3317.952
231	3519.971
232	4087.86
233	3928.761
234	3823.266
235	3522.872
236	3173.186
237	3665.107
238	4555.236
239	3671.847
240	3287.721
241	2499.003
242	1871.137
243	1574.879
244	1462.661
245	1786.887
246	2117.54
247	2265.66
248	2736.923
249	2577.87
250	3026.124
251	3458.422
252	3698.152
253	3624.861
254	4074.951
255	4023.259
256	4720.96
257	4071.887
258	3494.958
259	3388.35
260	3109.862
261	3651.579
262	3969.634
263	3514.333
264	2987.836
265	2251.453
266	1582.351
267	1268.87
268	1231.637
269	1404.634
270	1862.908
271	1987.289
272	2183.855
273	2453.474
274	2745.086
275	2888.774
276	3386.121
277	3761.241
278	3889.782
279	3839.793
280	4402.927
281	4413.171
282	4306.848
283	3631.273
284	3104.523
285	3538.811
286	4065.486
287	3302.727
288	2918.381
289	2241.643
290	1850.613
291	1633.115
292	1421.056
293	1428.221
294	1753.74
295	1883.522
296	1777.834
297	1954.347
298	1512.372
299	1952.771
300	2563.787
301	3087.344
302	3465.664
303	3571.315
304	4467.509
305	4587.132
306	4214.809
307	3890.261
308	3272.037
309	3609.105
310	3835.71
311	3047.264
312	2681.271
313	2295.929
314	1847.685
315	1445.311
316	1310.096
317	1773.291
318	2398.377
319	2493.251
320	2844.164
321	3677.897
322	4347.621
323	5333.213
324	6187.556
325	6718.36
326	7284.346
327	7781.526
328	8896.359
329	9119.565
330	8815.052
331	8296.691
332	7346.707
333	7436.864
334	6921.066
335	5094.143
336	4042.345
337	2864.701
338	2378.896
339	1804.886
340	1685.99
341	2108.82
342	2958.535
343	3466.293
344	4291
345	4800.117
346	5288.65
347	6075.038
348	6748.247
349	6633.451
350	7170.092
351	7526.85
352	8284.709
353	8119.964
354	7423.874
355	6917.461
356	6383.691
357	6454.456
358	6429.246
359	5231.934
360	3857.629
361	2403.738
362	1797.331
363	1507.834
364	1264.238
365	1575.493
366	2439.113
367	2999.993
368	3326.157
369	3828.041
370	4398.121
371	5212.547
372	5636.423
373	5981.563
374	6489.518
375	6786.404
376	7563.231
377	7239.347
378	6458.994
379	6211.269
380	5644.504
381	5918.631
382	5922.64
383	5069.723
384	3970.807
385	2561.793
386	1843.508
387	1451.386
388	1419.399
389	1745.88
390	2657.155
391	3169.51
392	3258.604
393	4139.794
394	4795.089
395	5510.085
396	6055.877
397	6480.956
398	6671.278
399	7017.199
400	7812.859
401	7742.275
402	7158.377
403	6534.572
404	5880.517
405	6234.657
406	6249.281
407	5152.46
408	3853.553
409	2819.748
410	1903.036
411	1189.303
412	1069.372
413	1389.197
414	2295.168
415	2785.886
416	3207.541
417	3660.9
418	4411.161
419	5244.376
420	5335.724
421	5681.653
422	6514.84
423	6902.985
424	7299.118
425	6972.026
426	6239.972
427	6048.354
428	5423.943
429	5462.988
430	5255.998
431	4011.677
432	3232.063
433	2721.567
434	1978.783
435	1559.622
436	1685.238
437	1524.727
438	2082.843
439	2390.116
440	2711.27
441	3228.129
442	4002.46
443	4917.215
444	5439.876
445	5937.667
446	6043.683
447	6059.122
448	6445.045
449	6111.173
450	6164.046
451	6200.759
452	5738.015
453	6089.364
454	6038.551
455	4454.024
456	3169.25
457	2115.276
458	1536.609
459	1267.989
460	1325.208
461	1293.931
462	1823.572
463	2010.507
464	2059.994
465	2379.55
466	2780.369
467	3585.63
468	3959.441
469	4438.607
470	4676.646
471	4855.948
472	5449.454
473	5784.013
474	5688.127
475	5130.881
476	4545.245
477	4739.575
478	5101.593
479	3857.988
480	2901.033
481	2436.695
482	1818.932
483	1407.828
484	1595.905
485	2072.01
486	2750.81
487	3657.295
488	4077.11
489	4910.463
490	5535.595
491	6460.323
492	6878.698
493	6887.91
494	7556.658
495	7631.126
496	8163.693
497	7847.576
498	7771.849
499	7061.631
500	6894.879
501	7172.868
502	7387.416
503	5391.58
504	3942.96
505	2724.708
506	2035.751
507	1701.417
508	1834.147
509	2221.182
510	2617.289
511	3034.755
512	4134.425
513	4996.1
514	6262.754
515	7335.207
516	8238.233
517	8820.197
518	9168.49
519	9631.101
520	9666.631
521	9790.323
522	9288.02
523	9437.196
524	9105.33
525	9053.58
526	8470.332
527	6548.852
528	4727.14
529	3070.125
530	2378.629
531	2072.854
532	2033.845
533	2322.81
534	2684.446
535	2983.101
536	3616.016
537	4215.212
538	5194.717
539	6084.29
540	6579.693
541	7278.357
542	7963.71
543	8489.344
544	9202.808
545	9507.92
546	8787.085
547	7962.393
548	7317.716
549	7632.096
550	7330.773
551	6072.053
552	4155.214
553	2603.117
554	2101.61
555	1855.504
556	1930.465
557	2065.788
558	2528.718
559	2771.472
560	3143.536
561	3643.646
562	4869.434
563	5561.08
564	6287.979
565	6850.446
566	7134.796
567	7662.042
568	8257.811
569	8074.725
570	7551.314
571	6934.526
572	6039.144
573	5976.854
574	5967.28
575	4852.857
576	3794.756
577	2668.507
578	2075.784
579	1653.279
580	1584.802
581	1723.133
582	2351.588
583	2551.687
584	3090.058
585	3499.418
586	4206.094
587	5028.513
588	5547.541
589	5971.505
590	6406.143
591	7263.998
592	7370.49
593	7040.926
594	6636.177
595	5747.102
596	5365.623
597	5352.606
598	5875.024
599	4612.886
600	3450.476
601	2480.116
602	1813.5
603	1451.538
604	1439.094
605	1315.031
606	1805.96
607	2305.106
608	2415.891
609	2395.307
610	2819.141
611	3358.087
612	3836.667
613	4223.021
614	4531.66
615	5004.759
616	5418.269
617	5362.853
618	5108.452
619	4669.447
620	4195.29
621	4475.461
622	4771.178
623	3586.887
624	2728.94
625	2186.336
626	1723.749
627	1341.882
628	1346.591
629	1378.392
630	1601.674
631	1744.731
632	1771.111
633	1861.769
634	1976.467
635	2165.527
636	2258.516
637	2801.326
638	3381.69
639	3634.101
640	4525.2
641	5271.271
642	5251.532
643	5275.209
644	4636.071
645	4202.817
646	4466.088
647	3349.8
648	2683.776
649	2401.925
650	2131.568
651	1735.381
652	1935.451
653	1920.631
654	2643.397
655	2903.246
656	3560.404
657	4199.074
658	5433.995
659	7008.911
660	7588.868
661	8010.587
662	8729.022
663	9264.309
664	9998.026
665	10255.97
666	10193.48
667	9869.012
668	8964.431
669	9048.974
670	8635.599
671	6048.382
672	4169.391
673	3115.396
674	2542.609
675	2152.031
676	2074.34
677	2280.234
678	2942.425
679	3545.463
680	4533.239
681	5233.516
682	6376.472
683	7838.385
684	8965.531
685	9928.432
686	10545.37
687	10803.94
688	11683.92
689	11772.52
690	11607.79
691	10894.02
692	10023.28
693	10113.3
694	9863.941
695	7474.542
696	4975.431
697	3519.879
698	2858.073
699	2480.205
700	2274.003
701	2681.299
702	3259.959
703	3675.334
704	5141.133
705	6009.653
706	7469.201
707	8605.957
708	9658.42
709	10560.39
710	11402.22
711	11856.99
712	12001.36
713	12426.57
714	11980.81
715	11284.84
716	10615.58
717	10420.82
718	10149.49
719	7463.481
720	4870.274
;

           
         
param p_act  :=  

1	1.0000
2	1.0000
3	1.0000
4	1.0000
5	1.0000
6	2.6396
7	4.9368
8	16.5636
9	24.3715
10	25.5469
11	25.8848
12	25.9514
13	27.2708
14	27.9302
15	27.9311
16	27.4944
17	25.6937
18	25.1085
19	26.5939
20	31.3249
21	33.0058
22	27.9347
23	21.8440
24	11.9909
25	9.9921
26	4.9374
27	3.9911
28	1.0018
29	3.9973
30	5.9987
31	10.0003
32	20.9938
33	23.6372
34	24.4816
35	25.4670
36	25.6440
37	24.1366
38	24.1235
39	26.1016
40	25.7517
41	24.1256
42	23.8670
43	23.9911
44	23.2040
45	27.1931
46	23.5493
47	17.8354
48	9.9923
49	8.9964
50	8.4936
51	6.7987
52	6.7948
53	6.7993
54	8.4926
55	10.9918
56	19.9963
57	20.9934
58	23.6427
59	23.9917
60	24.7406
61	23.2422
62	23.2402
63	23.8673
64	22.4950
65	21.9932
66	22.0038
67	21.2595
68	20.9926
69	24.3764
70	20.8215
71	15.0072
72	9.9983
73	8.9915
74	7.6102
75	7.0897
76	7.4239
77	7.4917
78	8.4965
79	11.3931
80	18.4389
81	19.4252
82	24.9935
83	25.8955
84	24.8384
85	24.7405
86	23.9860
87	21.1928
88	20.7759
89	19.3278
90	18.9957
91	17.1590
92	18.9903
93	20.1312
94	17.9849
95	9.2750
96	7.9927
97	7.9909
98	4.9380
99	1.9956
100	1.0000
101	1.0000
102	1.0000
103	4.9363
104	6.7934
105	11.3998
106	13.9982
107	13.9959
108	13.9920
109	13.4932
110	13.4965
111	13.0345
112	13.0352
113	12.9953
114	11.9944
115	10.4423
116	12.9937
117	13.9957
118	13.0392
119	7.9949
120	6.0039
121	5.4909
122	4.9948
123	4.2068
124	4.2018
125	1.9293
126	1.0000
127	1.0000
128	1.0000
129	1.1010
130	9.9929
131	9.9991
132	9.9999
133	9.9993
134	10.0016
135	10.0049
136	9.9980
137	10.0011
138	11.0027
139	9.9982
140	10.1591
141	15.9916
142	11.9918
143	8.9939
144	5.2085
145	7.4985
146	4.9360
147	4.9328
148	1.0000
149	1.6814
150	6.7979
151	8.9933
152	12.8950
153	14.9975
154	16.4381
155	21.9928
156	21.9994
157	22.9921
158	22.9972
159	23.9929
160	25.2120
161	21.9972
162	19.9947
163	18.0202
164	18.0024
165	21.9942
166	17.7611
167	13.9024
168	9.9995
169	12.2072
170	10.0005
171	6.7999
172	6.7930
173	8.9909
174	12.9416
175	20.9989
176	24.9919
177	25.2403
178	25.2476
179	27.0197
180	26.9227
181	28.4971
182	29.9084
183	30.6695
184	30.2059
185	27.9923
186	25.9981
187	25.2413
188	25.2433
189	27.0058
190	25.2407
191	18.9115
192	14.9986
193	13.9904
194	10.0009
195	6.7970
196	6.7919
197	6.2073
198	7.6642
199	17.3640
200	20.9979
201	24.9946
202	27.5099
203	27.6705
204	27.9434
205	28.4568
206	28.9347
207	30.7664
208	30.5924
209	26.9588
210	25.4676
211	25.2476
212	25.2670
213	28.9381
214	27.6684
215	24.9964
216	15.3948
217	11.9948
218	6.7973
219	6.2017
220	5.9951
221	5.9936
222	3.9996
223	10.9942
224	17.4945
225	20.9992
226	24.9975
227	25.9998
228	26.4312
229	25.9970
230	26.2875
231	27.2054
232	26.4158
233	24.9984
234	23.8176
235	23.8376
236	23.7190
237	25.2490
238	23.9982
239	17.9953
240	10.5703
241	13.9920
242	10.9995
243	8.9991
244	8.2046
245	6.7912
246	3.9901
247	13.9935
248	20.9939
249	24.9811
250	27.9945
251	32.0044
252	27.9940
253	28.4349
254	29.8197
255	31.8660
256	31.7683
257	27.9922
258	26.8102
259	25.2499
260	24.9831
261	27.7072
262	26.3000
263	21.0426
264	15.3928
265	17.3682
266	14.9955
267	11.9968
268	11.9913
269	6.0081
270	4.9331
271	4.9396
272	11.3936
273	20.5698
274	30.0684
275	32.0008
276	32.0008
277	29.8864
278	31.6924
279	31.6998
280	29.9965
281	29.6531
282	27.8078
283	26.0124
284	24.9953
285	27.8018
286	27.7073
287	23.9979
288	15.2013
289	15.0120
290	11.9916
291	8.9922
292	6.0095
293	4.9340
294	1.0000
295	1.0979
296	4.9312
297	10.0094
298	21.4645
299	27.7653
300	28.9973
301	30.0055
302	30.2204
303	30.1454
304	30.7799
305	30.6099
306	30.1688
307	29.1847
308	27.9992
309	32.7202
310	31.9173
311	25.4179
312	18.2074
313	13.9906
314	12.9303
315	10.0014
316	11.9949
317	10.3280
318	7.0246
319	13.9916
320	26.0264
321	31.3967
322	33.0232
323	35.0017
324	45.9911
325	49.2850
326	55.7736
327	58.7354
328	58.7380
329	56.9356
330	53.5011
331	48.6816
332	41.8499
333	52.5400
334	42.3344
335	31.1200
336	19.2083
337	25.9908
338	17.3528
339	13.9944
340	13.7227
341	13.2240
342	11.0027
343	6.7970
344	16.9806
345	25.0346
346	28.2401
347	31.4947
348	37.3277
349	37.4146
350	40.0947
351	42.2924
352	42.2039
353	39.2446
354	35.7728
355	32.9901
356	31.6933
357	33.6134
358	32.0029
359	29.9908
360	25.6849
361	13.9895
362	9.4060
363	7.4901
364	7.4243
365	7.9867
366	6.0088
367	13.9918
368	24.9950
369	25.9111
370	27.1955
371	28.9073
372	30.9733
373	31.0018
374	31.1196
375	33.0064
376	34.9947
377	34.9950
378	29.8397
379	30.0264
380	29.1260
381	29.9979
382	29.4664
383	20.8787
384	18.6731
385	13.1607
386	11.9939
387	11.0096
388	10.0002
389	10.9945
390	10.9922
391	12.0012
392	21.9961
393	25.4768
394	27.1632
395	27.8117
396	29.2008
397	30.0045
398	31.2983
399	32.6585
400	33.0013
401	32.0050
402	32.5072
403	26.9869
404	26.3954
405	28.9981
406	28.9934
407	28.8066
408	19.1055
409	16.9929
410	13.4963
411	12.9362
412	10.9963
413	11.9945
414	10.9949
415	13.4855
416	25.2121
417	26.5844
418	31.0727
419	31.7574
420	32.2575
421	33.2003
422	37.0067
423	37.0079
424	37.0068
425	37.0009
426	33.1616
427	31.9772
428	29.9954
429	32.2515
430	31.7575
431	30.8342
432	20.6282
433	18.4275
434	13.5294
435	13.4901
436	11.4792
437	12.1358
438	8.3956
439	9.0089
440	13.4782
441	24.8504
442	27.9320
443	33.7538
444	34.0933
445	34.4920
446	37.9980
447	37.9991
448	37.1065
449	37.9969
450	38.0412
451	34.8802
452	32.9472
453	38.1462
454	35.2781
455	24.3524
456	17.9904
457	13.9701
458	11.9941
459	10.9769
460	10.9960
461	10.0005
462	6.7938
463	4.9357
464	6.0052
465	9.1506
466	21.9930
467	26.8466
468	29.9804
469	31.9994
470	31.9900
471	34.0058
472	36.0071
473	38.9949
474	36.0089
475	34.9922
476	32.0057
477	36.6426
478	34.9939
479	25.1053
480	17.9925
481	11.9948
482	11.9902
483	11.9933
484	11.9905
485	10.0057
486	10.7210
487	16.6824
488	25.8748
489	27.4911
490	29.3799
491	32.6905
492	32.6974
493	36.0045
494	41.9163
495	49.9922
496	52.1946
497	51.2393
498	48.0083
499	36.0054
500	32.7939
501	36.0028
502	35.0021
503	26.7711
504	24.1445
505	14.9946
506	11.9927
507	11.0062
508	11.0025
509	10.0075
510	10.5052
511	16.9966
512	25.0037
513	27.9911
514	32.4388
515	35.9157
516	36.5955
517	42.2616
518	48.2026
519	54.9900
520	58.8227
521	55.0012
522	48.5179
523	43.6375
524	36.9946
525	40.0049
526	34.9944
527	26.0051
528	22.2055
529	15.5088
530	11.9948
531	11.0026
532	10.5083
533	10.0046
534	10.0094
535	13.9985
536	23.9905
537	26.1013
538	29.5029
539	30.0784
540	31.5011
541	31.9045
542	35.0015
543	39.2476
544	40.4549
545	40.6106
546	36.0036
547	31.9736
548	29.8819
549	32.9981
550	31.5034
551	25.0059
552	20.5290
553	17.7050
554	11.9929
555	8.9912
556	7.9997
557	7.9944
558	8.2324
559	11.9953
560	21.9907
561	26.4871
562	31.5591
563	32.4937
564	32.2787
565	32.4932
566	32.9917
567	35.8316
568	35.6471
569	35.7010
570	32.6335
571	32.4926
572	30.2043
573	32.5019
574	29.9977
575	23.9969
576	16.9984
577	13.9989
578	10.9971
579	9.4914
580	9.4912
581	9.4926
582	10.3918
583	15.4957
584	23.7501
585	24.9936
586	27.9967
587	28.2483
588	30.5063
589	32.0040
590	32.2435
591	33.2352
592	34.0050
593	32.6538
594	32.0011
595	29.7181
596	28.2409
597	30.2016
598	28.9926
599	24.1453
600	17.2018
601	14.5939
602	11.9920
603	10.4976
604	9.9958
605	9.9970
606	9.9920
607	6.7988
608	17.3627
609	23.9969
610	24.9953
611	26.7619
612	28.5417
613	29.0425
614	30.2008
615	32.2491
616	32.9937
617	32.3503
618	29.9953
619	26.8653
620	25.9995
621	29.8291
622	29.9922
623	24.9992
624	16.9951
625	15.9964
626	10.9988
627	9.4973
628	9.4910
629	9.4903
630	6.7903
631	2.0085
632	6.0037
633	10.0006
634	19.9972
635	23.9980
636	24.9983
637	25.7567
638	26.9783
639	28.9045
640	32.6788
641	34.7924
642	32.7490
643	31.6803
644	27.2671
645	31.7555
646	25.9632
647	24.9997
648	15.9916
649	13.5037
650	11.0042
651	10.5010
652	7.6856
653	10.0020
654	10.5016
655	23.7528
656	24.9945
657	24.9961
658	26.7496
659	34.0036
660	36.2705
661	38.9736
662	44.8657
663	48.9655
664	55.0056
665	51.9037
666	46.8776
667	42.0501
668	35.4970
669	39.4311
670	34.0005
671	25.5623
672	23.2096
673	18.5894
674	13.9911
675	11.5031
676	10.7286
677	11.5062
678	14.9950
679	23.7143
680	24.1482
681	26.2458
682	32.6334
683	39.9902
684	42.0723
685	48.8647
686	55.4207
687	71.7078
688	80.1650
689	80.0029
690	65.0063
691	55.0091
692	46.6108
693	45.6217
694	37.7080
695	30.4923
696	24.4617
697	17.3604
698	12.5032
699	11.0062
700	10.0088
701	11.0009
702	13.9929
703	19.9981
704	27.0717
705	32.4993
706	35.0064
707	47.0039
708	55.0055
709	72.9382
710	92.9567
711	109.9911
712	131.0473
713	117.4078
714	84.4531
715	72.0007
716	48.0130
717	50.0854
718	40.2689
719	28.9947
720	22.8974;
          
        
        
             

