set     FIRMS :=           AES     DUKE    DYN     MIR     REL    FR ;
set     THERMLINE:=         1,      2,      3, 4, 5       ;
set     TFIRMS :=          AES     DUKE    DYN     MIR     REL   FR   ;

param ST :=    1;
param   T :=                744;
param Tdata :=     744;

param BT :=		199907000;

param   firmtype :=        AES      2      DUKE     2      DYN      2      MIR      2      REL      2    FR    1     ;

param   k :         AES     DUKE    DYN     MIR     REL     FR   :=
                        	
1	26.8129	27.0930	24.6809	26.8243	24.9530	27.7361
2	27.2778	30.6148	26.4472	27.2545	26.0620	32.7148
3	27.8608	34.5276	28.7208	28.3516	27.2857	35.0164
4	30.4669	47.9320	30.9755	29.0555	27.7807	36.2716
5	31.5165	50.7961	58.8200	35.0450	35.7436	38.9684
;

param   mc:                 AES     DUKE    DYN     MIR     REL     FR    :=
1	0.00054	0.00258	0.00105	0.00048	0.00177	0.01946
2	0.00043	0.00855	0.00369	0.00171	0.00094	0.00901
3	0.00346	0.02230	0.00513	0.00245	0.00062	0.01074
4	0.00228	0.01427	0.07593	0.00732	0.01825	0.02184
5	0.07639	0.50721	0.20162	0.00645	0.13644	0.29688
;

param   maxtherm:                AES     DUKE    DYN     MIR     REL     FR    :=
1	860	1368	1681	888	625	256
2	1354	458	616	641	1295	255
3	753	601	440	288	793	117
4	461	201	367	818	436	124
5	250	42	14	49	310	89
;

param b :=

1	5392.397
2	5446.32097
3	5397.789397
4	4011.515
5	6773.278
;

param q_act :=

1	3626.303
2	2892.836
3	2559.991
4	2484.303
5	2888.641
6	4060.362
7	5323.314
8	6478.993
9	6993.092
10	8067.57
11	9165.574
12	9836.983
13	10245.52
14	11157.63
15	11852.87
16	12376.83
17	12338.29
18	11824.3
19	11035.73
20	10351.38
21	10234.23
22	10170.14
23	7583.951
24	5447.765
25	3703.01
26	2695.952
27	2279.016
28	2222.817
29	2538.528
30	3484.831
31	4310.568
32	5287.238
33	6557.62
34	7368.787
35	7705.779
36	7976.807
37	8619.517
38	9233.748
39	9481.496
40	9834.371
41	9528.074
42	9004.307
43	8331.43
44	7572.908
45	7695.23
46	7958.235
47	6419.703
48	4836.832
49	3343.127
50	2674.948
51	2042.245
52	1941.43
53	2012.908
54	2505.462
55	3179.185
56	4169.861
57	3781.46
58	3680.519
59	3769.024
60	4066.953
61	4406.531
62	4412.789
63	4661.175
64	4905.759
65	4658.785
66	4656.209
67	4835.337
68	4798.528
69	5066.52
70	5348.842
71	4162.936
72	3561.475
73	2671.901
74	2079.042
75	1880.985
76	1770.419
77	1645.158
78	1976.79
79	2002.53
80	2161.842
81	2492.021
82	2626.068
83	2665.739
84	2695.603
85	2680.032
86	2698.03
87	2677.818
88	3007.421
89	3062.177
90	2953.23
91	3075.294
92	3107.957
93	3247.913
94	3711.57
95	3228.409
96	2994.4
97	2778.809
98	2325.999
99	1829.343
100	1731.576
101	1905.319
102	2226.365
103	2267.988
104	2539.508
105	2819.026
106	3072.912
107	3291.555
108	3733.144
109	4052.414
110	4526.266
111	5101.648
112	5674.427
113	6205.903
114	6340.346
115	6380.956
116	5774.049
117	5772.521
118	5934.041
119	4270.393
120	3485.542
121	3154.9
122	2799.24
123	2452.018
124	2526.816
125	2609.713
126	3135.038
127	3791.702
128	4703.685
129	5431.402
130	6232.579
131	7251.328
132	8333.067
133	8974.172
134	9499.313
135	10162.34
136	10711.61
137	10861.17
138	10417.97
139	9254.557
140	8604.066
141	8018.317
142	7989.135
143	5799.068
144	4166.94
145	3118.951
146	2540.84
147	2234.794
148	2205.909
149	2230.058
150	3020.073
151	3559.432
152	4108.06
153	4787.72
154	5859.485
155	6947.109
156	7607.686
157	8222.943
158	9149.666
159	9807.952
160	10519.69
161	10988.18
162	10017.68
163	9558.939
164	9086.237
165	8930.367
166	8968.534
167	6389.707
168	4236.192
169	3387.015
170	2872.73
171	2397.735
172	2423.94
173	2598
174	3394.843
175	4469.999
176	5438.486
177	6154.805
178	7309.849
179	8064.809
180	8691.611
181	9433.622
182	10147.84
183	10511.92
184	11033.98
185	11055.78
186	10518.76
187	9713.592
188	8841.122
189	8837.695
190	9190.991
191	6604.455
192	5033.544
193	3603.57
194	2900.996
195	2575.567
196	2617.78
197	2650.418
198	3599.123
199	4562.668
200	5551.839
201	6021.294
202	7006.839
203	7805.115
204	8542.154
205	8705.18
206	9727.74
207	10638.63
208	11254.17
209	11096.54
210	10532.97
211	9914.606
212	8892.336
213	8408.783
214	8393.851
215	6799.447
216	4897.036
217	3881.445
218	3091.806
219	2598.874
220	2511.531
221	2745.045
222	3191.109
223	3363.41
224	3894.901
225	4373.803
226	5495.183
227	6346.026
228	7158.908
229	8051.013
230	8392.842
231	8813.691
232	9478.132
233	9830.842
234	9518.369
235	8863.175
236	7988.057
237	7834.073
238	7735.175
239	6052.599
240	4514.638
241	3493.309
242	2849.739
243	2394.934
244	2144.576
245	2332.122
246	2668.093
247	2544.887
248	2550.723
249	2804.941
250	3451.963
251	4430.361
252	5744.546
253	6930.48
254	7619.929
255	8313.164
256	9045.168
257	10107.44
258	9744.547
259	9383.854
260	9059.9
261	9405.591
262	8702.008
263	7169.808
264	5272.068
265	4617.624
266	3787.79
267	2796.383
268	2722.402
269	3183.68
270	3814.538
271	4993.911
272	6608.101
273	8150.851
274	10205.59
275	12372.28
276	13323.43
277	14799.21
278	15192.28
279	15389.91
280	15643.17
281	15412.77
282	15389.7
283	15178.5
284	14093.1
285	13912.32
286	13446.57
287	10655.67
288	7818.613
289	5182.671
290	3873.938
291	3414.585
292	3390.774
293	3561.739
294	4434.632
295	5594.962
296	6938.166
297	8737.283
298	10764.8
299	12313.96
300	13360.16
301	14023.47
302	14908.7
303	15004.64
304	15317.91
305	15346.29
306	15078.95
307	14360.65
308	13455.73
309	12634.13
310	12330.65
311	10165.88
312	6805.775
313	5364.725
314	3795.6
315	2951.46
316	2921.118
317	3084.381
318	3904.175
319	5715.122
320	7391.129
321	9280.604
322	10611.95
323	11352.7
324	12081.86
325	12371.29
326	13005.16
327	13381.31
328	15211.47
329	13713.13
330	12960.89
331	11743.76
332	10799.72
333	10511.38
334	9952.627
335	7495.786
336	5625.598
337	3890.583
338	3055.916
339	3086.385
340	3295.721
341	3313.308
342	3785.208
343	4495.108
344	6109.876
345	6898.149
346	8573.514
347	9941.729
348	10422.3
349	10696.52
350	11374.4
351	11710.9
352	12243.16
353	12316.33
354	11456.67
355	10763.32
356	10060.79
357	10118.25
358	9199.158
359	7087.572
360	5753.096
361	3609.154
362	2724.771
363	2377.751
364	2371.639
365	2225.622
366	2688.448
367	3098.248
368	3988.452
369	5224.804
370	6111.685
371	6938.074
372	7151.324
373	7150.627
374	8053.762
375	8754.162
376	9407.86
377	9119.903
378	8391.905
379	7716.13
380	6753.402
381	6631.004
382	6783.425
383	5065.07
384	3867.121
385	2950.903
386	2218.022
387	1981.436
388	2066.107
389	1960.362
390	2297.479
391	2649.499
392	3266.832
393	3527.492
394	4234.485
395	4938.094
396	5485.583
397	5570.746
398	5908.66
399	6321.997
400	6822.14
401	7044.468
402	6831.174
403	6652.29
404	6195.913
405	5927.655
406	6125.052
407	4706.149
408	3598.273
409	3164.153
410	2478.726
411	2037.44
412	2118.311
413	2068.037
414	2153.354
415	2126.546
416	1896.277
417	2129.371
418	2615.668
419	2568.817
420	2753.48
421	3303.39
422	3932.755
423	4323.215
424	4981.354
425	5370.407
426	5279.749
427	4958.2
428	4577.951
429	4679.29
430	4952.163
431	4149.777
432	3249.352
433	2700.111
434	2170.388
435	1863.059
436	1912.73
437	2078.297
438	2760.264
439	3162.905
440	4106.923
441	4587.236
442	5781.123
443	6646.45
444	7534.411
445	8005.936
446	8019.371
447	8136.444
448	8558.888
449	8660.813
450	8338.923
451	7754.59
452	6830.313
453	6907.536
454	6521.104
455	5525.708
456	4023.07
457	3181.442
458	2465.496
459	2084.453
460	1905.925
461	2248.398
462	2564.247
463	2897.351
464	3825.877
465	5042.87
466	6229.011
467	6716.008
468	7200.805
469	7482.269
470	7936.897
471	8116.971
472	8436.114
473	8635.418
474	8116.577
475	7659.241
476	7042.397
477	7324.471
478	7219.364
479	5726.354
480	3970.999
481	3209.667
482	2436.521
483	2110.067
484	2062.553
485	2157.688
486	3089.811
487	3181.371
488	3853.918
489	4443.905
490	5331.245
491	6261.044
492	6674.985
493	7115.111
494	7479.458
495	8069.893
496	8844.868
497	8765.734
498	8480.316
499	7911.691
500	6859.07
501	7133.879
502	6656.329
503	4971.998
504	3614.908
505	3149.392
506	2670.996
507	2116.958
508	2152.691
509	2216.271
510	3131.03
511	3860.242
512	4004.105
513	4963.663
514	6435.437
515	7346.292
516	7490.788
517	7780.767
518	8471.355
519	8725.652
520	9248.154
521	9268.482
522	8936.2
523	7934.554
524	7294.45
525	7007.259
526	6421.885
527	5179.229
528	4000.67
529	3019.733
530	2092.802
531	1754.866
532	1790.588
533	1895.242
534	2578.971
535	2950.239
536	3510.516
537	4279.804
538	5385.706
539	6228.919
540	6190.419
541	6309.097
542	6992.5
543	8140.687
544	8883.771
545	8766.929
546	7755.596
547	6843.156
548	5883.386
549	6225.498
550	5924.675
551	4349.282
552	3399.041
553	2895.312
554	2249.341
555	1904.906
556	1849.475
557	2023.002
558	2069.034
559	2340.719
560	2725.411
561	3554.768
562	4376.296
563	4827.819
564	5330.665
565	5524.253
566	5834.065
567	5734.928
568	5988.874
569	6107.629
570	6285.206
571	6355.632
572	5742.471
573	6212.323
574	6633.872
575	4501.28
576	3216.533
577	2583.635
578	1936.122
579	1767.358
580	1789.958
581	1808.737
582	1911.106
583	1778.579
584	2226.423
585	2487.745
586	3083.978
587	3403.748
588	3480.854
589	3645.038
590	3938.33
591	4390.413
592	4910.9
593	5121.065
594	5351.611
595	5577.489
596	4694.737
597	5372.403
598	6188.401
599	4268.335
600	3473.38
601	2643.628
602	2059.281
603	1720.658
604	1788.312
605	2057.548
606	2626.056
607	3474.506
608	3901.458
609	4800.179
610	5663.468
611	7047.266
612	7580.335
613	8088.645
614	8633.294
615	9219.307
616	9830.731
617	9625.838
618	9223.688
619	8994.213
620	8227.756
621	8241.795
622	7514.501
623	5302.93
624	3739.039
625	2853.686
626	2237.538
627	1903.838
628	1951.984
629	2322.542
630	3099.506
631	3583.057
632	4096.217
633	4659.362
634	5795.924
635	6422.372
636	6577.872
637	6886.443
638	7797.63
639	8341.1
640	8808.292
641	8618.715
642	8453.573
643	7967.939
644	7271.905
645	7555.207
646	7070.43
647	5296.448
648	3762.346
649	2691.79
650	2408.324
651	2148.422
652	1899.931
653	2074.342
654	2668.907
655	3682.311
656	4735.301
657	4920.821
658	5913.894
659	6544.137
660	6785.193
661	7113.336
662	7647.743
663	7936.315
664	8670.101
665	8776.477
666	8490.77
667	8337.26
668	7491.355
669	7595.265
670	7397.07
671	5872.368
672	4456.833
673	3043.69
674	2195.393
675	1896.277
676	1776.598
677	1942.058
678	2544.144
679	3329.593
680	4494.26
681	5058.218
682	5980.178
683	6453.073
684	6984.995
685	7303.132
686	8048.182
687	8493.023
688	8975.707
689	9069.048
690	8553.892
691	8296.766
692	7767.813
693	8062.323
694	7777.282
695	5895.492
696	4137.01
697	2963.23
698	2189.232
699	1885.845
700	1877.169
701	2180.766
702	2798.895
703	3303.34
704	4121.38
705	4598.318
706	5353.061
707	5833.096
708	6276.064
709	6870.327
710	7589.123
711	8185.173
712	8791.833
713	8664.635
714	8145.46
715	7478.268
716	6602.341
717	6542.488
718	6513.237
719	5137.915
720	3883.476
721	2991.601
722	2439.062
723	1749.414
724	1729.847
725	1835.681
726	2105.27
727	2712.198
728	3269.534
729	3519.981
730	4513.552
731	5494.2
732	6052.792
733	6625.829
734	6510.371
735	6195.771
736	6276.825
737	6519.069
738	6162.302
739	5692.197
740	5452.859
741	6125.57
742	6158.77
743	4991.656
744	3586.256
;

           
         
param p_act  :=  

1	21.0041
2	12.5079
3	10.9933
4	10.0050
5	10.9930
6	11.9991
7	9.9973
8	21.9100
9	24.9969
10	30.2233
11	34.9936
12	38.2953
13	48.2054
14	62.1705
15	80.6310
16	94.4445
17	91.5360
18	69.5246
19	47.4764
20	40.9925
21	40.9915
22	32.8946
23	28.9919
24	23.9926
25	21.5346
26	12.9975
27	11.2020
28	10.9957
29	10.9944
30	11.9957
31	19.9985
32	26.4070
33	28.4947
34	31.0019
35	32.4934
36	34.4965
37	38.7066
38	45.7184
39	49.8087
40	49.6242
41	45.0039
42	38.3947
43	32.6413
44	31.0019
45	31.0049
46	30.9979
47	27.4968
48	23.4920
49	18.0008
50	13.9921
51	11.9939
52	11.2059
53	11.2055
54	9.0093
55	3.9999
56	6.0075
57	8.6595
58	17.9959
59	20.9971
60	21.9817
61	24.1487
62	23.4084
63	23.7217
64	23.6327
65	23.0140
66	22.7152
67	19.1413
68	13.6470
69	16.9969
70	20.0041
71	19.0545
72	13.9972
73	9.8085
74	7.9953
75	6.7916
76	6.0013
77	5.4921
78	1.9961
79	1.7000
80	6.7954
81	8.9950
82	11.2468
83	11.2040
84	12.0000
85	13.9942
86	13.9947
87	13.9989
88	15.4725
89	15.9954
90	16.6958
91	14.9988
92	13.9974
93	20.0006
94	18.4037
95	13.9998
96	13.9925
97	9.9904
98	7.9964
99	6.7959
100	6.5479
101	6.7966
102	4.9324
103	5.4938
104	9.4928
105	13.9901
106	20.0042
107	21.0030
108	26.5683
109	26.2842
110	27.5103
111	28.0538
112	27.4855
113	27.6601
114	27.5413
115	27.6252
116	26.2105
117	27.6452
118	25.7228
119	17.9946
120	14.9968
121	9.9970
122	9.9921
123	8.9961
124	6.0294
125	8.9971
126	9.9902
127	9.9971
128	22.0991
129	24.9957
130	25.4679
131	29.9202
132	30.3510
133	31.9840
134	37.9947
135	45.0814
136	46.4733
137	46.1193
138	42.8044
139	35.0040
140	33.0006
141	31.0075
142	29.4926
143	24.9983
144	19.4950
145	19.1859
146	13.9970
147	13.9907
148	11.2474
149	13.9929
150	13.9980
151	15.0005
152	25.9955
153	26.7417
154	29.9949
155	31.0016
156	31.0091
157	39.9946
158	45.8130
159	52.9411
160	60.5305
161	54.8086
162	50.0002
163	41.8534
164	33.0095
165	33.0003
166	30.7628
167	26.8809
168	21.9950
169	15.9980
170	15.9910
171	13.9954
172	12.9485
173	12.9966
174	13.9722
175	12.9410
176	23.2058
177	26.0674
178	28.1703
179	30.9097
180	31.0053
181	37.8330
182	41.6784
183	49.9493
184	55.1770
185	50.6615
186	43.9392
187	37.9908
188	33.0026
189	31.9843
190	27.9901
191	23.9995
192	18.1438
193	19.4901
194	17.1991
195	14.9934
196	14.9906
197	14.9940
198	15.4993
199	18.0770
200	23.9947
201	24.8834
202	27.1249
203	31.0028
204	31.9883
205	33.3210
206	41.0090
207	52.7015
208	60.0012
209	52.9011
210	42.0095
211	34.8981
212	31.9864
213	30.6481
214	27.7620
215	26.4472
216	23.2032
217	25.0717
218	22.0427
219	18.0732
220	18.0741
221	14.9965
222	13.9928
223	13.9773
224	20.4929
225	24.1628
226	26.5482
227	28.3315
228	28.8008
229	34.0021
230	34.0995
231	35.8252
232	41.0090
233	41.0046
234	35.6889
235	32.0059
236	28.4942
237	28.5834
238	27.7317
239	24.9923
240	20.0965
241	22.0017
242	17.9930
243	12.9997
244	12.9458
245	10.6593
246	9.7466
247	9.7428
248	11.2049
249	14.9935
250	20.4958
251	22.0077
252	25.9585
253	27.7462
254	30.4850
255	35.7587
256	38.2054
257	35.6179
258	38.2007
259	30.7835
260	27.6957
261	29.3156
262	27.7415
263	24.0000
264	19.1114
265	26.8668
266	23.2093
267	19.9959
268	18.0781
269	15.9961
270	20.0003
271	22.7803
272	26.5294
273	30.0036
274	33.4940
275	40.5546
276	49.9916
277	80.0008
278	107.0927
279	134.2618
280	153.8305
281	142.0320
282	121.5084
283	75.0050
284	45.6040
285	42.2482
286	32.0010
287	34.0102
288	28.1217
289	26.8648
290	18.9934
291	16.9943
292	15.9948
293	14.9999
294	16.3040
295	19.6761
296	24.4939
297	27.0086
298	30.0003
299	37.9975
300	46.8956
301	71.5964
302	101.3642
303	150.7203
304	153.5888
305	150.6279
306	148.0950
307	75.0072
308	46.2062
309	42.0074
310	38.4965
311	31.9923
312	25.9262
313	33.2133
314	23.9912
315	19.9998
316	17.9947
317	17.4948
318	21.4153
319	27.9932
320	31.9914
321	32.7430
322	43.6227
323	51.9959
324	71.7949
325	115.0100
326	151.6882
327	152.9655
328	153.5846
329	151.3035
330	99.9959
331	71.7306
332	50.0017
333	43.5678
334	34.3048
335	30.9963
336	23.2491
337	28.4252
338	22.5707
339	17.9981
340	14.9970
341	14.9976
342	20.8766
343	22.2996
344	26.3405
345	31.5032
346	32.9960
347	38.3847
348	42.0058
349	55.8815
350	80.0091
351	88.4737
352	80.0072
353	62.1790
354	41.7489
355	40.0004
356	37.9986
357	35.9935
358	31.5055
359	30.9980
360	28.9966
361	17.2429
362	14.3583
363	12.9990
364	12.9953
365	12.9969
366	15.9913
367	17.9948
368	25.4316
369	26.8950
370	27.7644
371	29.9930
372	31.5027
373	32.6444
374	36.4165
375	36.8108
376	36.9158
377	36.4139
378	33.0070
379	31.2440
380	27.7670
381	27.7693
382	26.1252
383	22.9969
384	22.9905
385	14.4906
386	11.9991
387	11.9917
388	11.9904
389	11.9934
390	10.7774
391	6.7967
392	11.9917
393	19.8584
394	21.3560
395	22.9791
396	22.9965
397	22.9981
398	22.9969
399	23.7067
400	24.9910
401	25.9987
402	24.9901
403	22.9980
404	22.7303
405	22.3138
406	22.0497
407	22.9915
408	17.9904
409	12.9999
410	10.4954
411	9.9911
412	8.9998
413	7.0627
414	7.0611
415	7.6012
416	10.4956
417	16.9941
418	17.9902
419	18.9952
420	19.9970
421	20.0085
422	22.6215
423	23.9632
424	25.9652
425	27.7692
426	27.7639
427	25.2886
428	20.0081
429	25.9787
430	22.8856
431	20.3511
432	15.4996
433	16.4983
434	14.9906
435	13.4920
436	13.4955
437	13.4918
438	16.5879
439	16.4179
440	21.3745
441	23.5853
442	26.8821
443	31.4425
444	31.5046
445	34.0034
446	37.4068
447	39.2455
448	42.0056
449	40.6276
450	37.5789
451	33.0081
452	31.5008
453	31.1322
454	26.8645
455	31.7567
456	24.9982
457	17.9936
458	14.9918
459	13.9906
460	12.9985
461	12.9944
462	16.9909
463	18.1305
464	25.9086
465	27.7674
466	30.9566
467	32.0016
468	36.2252
469	37.1652
470	38.9903
471	39.9964
472	39.9952
473	37.7680
474	35.9986
475	32.2952
476	32.0007
477	31.5051
478	27.7676
479	28.4394
480	22.9979
481	18.9954
482	17.9986
483	17.9951
484	17.9926
485	17.9907
486	17.9948
487	14.9966
488	21.9962
489	23.9931
490	27.7645
491	30.1921
492	31.9921
493	34.0011
494	36.7896
495	38.9997
496	39.0402
497	36.3471
498	34.4993
499	31.6038
500	31.3939
501	30.8922
502	25.9747
503	27.3480
504	21.9951
505	17.9958
506	15.4671
507	11.9988
508	12.9907
509	15.9970
510	17.9969
511	13.9783
512	19.3964
513	22.9976
514	23.5544
515	28.5223
516	28.6661
517	31.1734
518	31.5899
519	32.7511
520	33.3504
521	32.0050
522	31.5033
523	28.6699
524	28.2506
525	28.5674
526	24.0043
527	25.7473
528	22.9917
529	19.9914
530	17.9998
531	17.9956
532	17.9953
533	17.9975
534	18.9937
535	18.2661
536	21.9932
537	25.7404
538	28.4974
539	29.9705
540	31.5044
541	32.0010
542	33.9982
543	35.6597
544	38.0923
545	35.0071
546	33.9950
547	31.5019
548	29.9914
549	29.3621
550	27.9917
551	27.1054
552	22.9994
553	26.0779
554	21.9948
555	18.2691
556	18.4351
557	17.9414
558	17.9500
559	10.5413
560	20.3536
561	25.8515
562	26.4938
563	27.0084
564	27.9344
565	30.4450
566	31.4258
567	29.6942
568	29.6969
569	29.6970
570	29.6901
571	27.0075
572	27.0044
573	27.0925
574	27.0099
575	28.3374
576	26.7436
577	22.2031
578	20.2394
579	17.9936
580	18.4087
581	15.9414
582	12.7453
583	6.7993
584	17.9920
585	22.9467
586	24.6230
587	26.4956
588	27.0147
589	26.9917
590	27.2896
591	29.7432
592	30.7934
593	31.0007
594	31.0011
595	29.4108
596	26.3726
597	29.4861
598	31.0021
599	27.3721
600	23.9997
601	21.6692
602	18.5073
603	18.5023
604	18.5022
605	18.5017
606	18.5074
607	18.1365
608	20.0079
609	23.0062
610	25.8615
611	30.9942
612	31.1634
613	32.3619
614	35.0045
615	37.9901
616	37.9925
617	36.2489
618	35.0089
619	33.5252
620	31.5072
621	31.5065
622	30.1229
623	28.2451
624	23.0092
625	25.2483
626	21.9904
627	18.4217
628	18.4947
629	18.9202
630	20.9943
631	14.5206
632	20.5411
633	25.9408
634	26.5405
635	28.7534
636	29.4895
637	31.5030
638	32.0035
639	37.5597
640	38.9909
641	38.0168
642	34.0082
643	31.5051
644	31.4441
645	30.0799
646	27.9996
647	29.4080
648	27.3430
649	23.2500
650	21.9995
651	19.2638
652	18.9490
653	18.0865
654	21.9951
655	19.0107
656	21.9996
657	24.4402
658	26.9965
659	30.2751
660	30.8445
661	31.5043
662	32.1620
663	40.0061
664	40.6514
665	40.0077
666	40.0014
667	34.4317
668	30.4606
669	29.4875
670	28.9932
671	29.9907
672	28.5641
673	26.8618
674	23.4958
675	21.1186
676	21.6743
677	21.1180
678	24.0966
679	21.2407
680	26.9909
681	26.9955
682	28.1119
683	29.2955
684	29.3459
685	31.5029
686	32.9817
687	34.9989
688	35.5151
689	35.0034
690	32.1181
691	31.5045
692	29.7599
693	29.4989
694	26.9985
695	28.5685
696	26.9998
697	22.8935
698	17.0074
699	16.0075
700	16.0022
701	16.0089
702	18.4279
703	18.1594
704	21.9929
705	24.9977
706	24.9950
707	26.9997
708	27.5405
709	29.6051
710	31.5048
711	31.7790
712	33.5847
713	31.5356
714	31.5051
715	29.8836
716	29.2408
717	27.4896
718	26.2087
719	28.8981
720	26.9954
721	26.9986
722	26.0037
723	18.1207
724	17.0030
725	16.9488
726	19.6412
727	16.0096
728	23.3243
729	26.0746
730	28.9478
731	30.9473
732	31.1703
733	32.0031
734	30.6377
735	30.8262
736	32.0000
737	32.0030
738	32.0019
739	29.9941
740	29.3899
741	29.2498
742	28.5693
743	29.0409
744	26.4347;
          
        
        
             

