set     FIRMS :=           AES     DUKE    DYN     MIR     REL    FR ;
set     THERMLINE:=         1,      2,      3, 4, 5       ;
set     TFIRMS :=          AES     DUKE    DYN     MIR     REL   FR   ;

param   T :=                744;
param   Tdata :=                744;
param   ST :=                1;

param BT :=		199908000;

param   firmtype :=        AES      2      DUKE     2      DYN      2      MIR      2      REL      2    FR    1     ;

param   k :         AES     DUKE    DYN     MIR     REL     FR   :=
                        	
1	30.3138	30.6450	27.2269	29.6018	28.8534	30.5579
2	30.8420	34.5553	29.1839	29.9533	30.1438	36.9193
3	31.4882	38.7639	31.7030	31.2939	30.8781	38.6243
4	34.2226	54.0009	34.9410	32.0738	31.4489	40.6495
5	35.5766	57.3880	61.9400	38.7100	40.0902	42.5388
;

param   mc:                 AES     DUKE    DYN     MIR     REL     FR    :=
1	0.00061	0.00286	0.00116	0.00040	0.00206	0.02487
2	0.00054	0.00919	0.00409	0.00209	0.00057	0.00668
3	0.00300	0.02523	0.00736	0.00271	0.00072	0.01733
4	0.00294	0.01711	0.07363	0.00811	0.01980	0.01530
5	0.08384	0.44229	0.25567	0.00715	0.13409	0.29587
;

param   maxtherm:                AES     DUKE    DYN     MIR     REL     FR    :=
1	860	1368	1681	888	625	256
2	1197	458	616	641	1295	255
3	910	604	440	288	793	117
4	461	198	367	818	436	124
5	250	42	14	49	310	89
;

param b :=

1	5392.397
2	5446.32097
3	5397.789397
4	4011.515
5	6773.278
;

param q_act  :=    
1	3017.882
2	2283.386
3	1808.109
4	1841.471
5	1790.357
6	1977.232
7	1702.502
8	1884.19
9	2182.871
10	3033.362
11	3554.696
12	3957.679
13	4400.348
14	4444.241
15	4850.299
16	5337.107
17	5296.246
18	5439.998
19	5547.539
20	4658.34
21	5238.351
22	5352.498
23	3995.971
24	3285.626
25	2684.523
26	2398.777
27	2129.722
28	1993.44
29	2277.413
30	3050.628
31	3715.156
32	4689.044
33	5573.317
34	6263.775
35	7555.251
36	8474.563
37	9082.368
38	9445.24
39	9543.237
40	10033.45
41	10124.59
42	9804.145
43	9660.626
44	9628.87
45	9593.206
46	9067.444
47	7066.125
48	4657.427
49	3521.46
50	2464.19
51	2213.476
52	2070.388
53	2132.069
54	2933.252
55	3402.729
56	4550.672
57	5917.9
58	7033.882
59	8072.481
60	8842.232
61	9425.672
62	10003.64
63	10483.21
64	10837.13
65	10871.27
66	10306.06
67	10101.96
68	9623.743
69	9965.156
70	9219.205
71	6863.609
72	4811.926
73	3259.135
74	2513.306
75	2196.473
76	2134.712
77	2306.937
78	2789.12
79	3509.388
80	4708.255
81	5832.553
82	6889.123
83	7953.882
84	8903.356
85	9398.134
86	9868.721
87	10024.5
88	10449.79
89	10634.54
90	10037.7
91	9615.995
92	8796.24
93	9287.229
94	8290.682
95	5961.245
96	4349.778
97	3069.014
98	2443.634
99	1932.508
100	1886.151
101	2157.136
102	2850.562
103	3602.777
104	4779.867
105	5518.058
106	6394.452
107	6367.912
108	6627.633
109	6956.657
110	7528.128
111	7981.244
112	8357.665
113	8329.648
114	7857.526
115	7622.826
116	7263.696
117	7724.164
118	7313.962
119	5790.698
120	4477.929
121	3401.695
122	2695.083
123	2163.015
124	1985.685
125	2267.387
126	2809.189
127	3413.324
128	4217.241
129	4778.8
130	5479.142
131	5916.493
132	6477.412
133	6678.768
134	6651.945
135	6789.299
136	7139.29
137	7100.931
138	6919.392
139	6856.193
140	6491.93
141	7006.475
142	6713.27
143	5577.313
144	4703.924
145	3542.877
146	2838.215
147	2264.842
148	2124.667
149	2343.076
150	2733.16
151	2603.027
152	2895.927
153	3178.448
154	3608.101
155	4199.216
156	4152.938
157	4660.209
158	4902.269
159	4625.711
160	4791.352
161	4832.101
162	4662.611
163	4942.819
164	5118.009
165	5897.083
166	5927.363
167	5159.63
168	3982.024
169	2697.901
170	2082.615
171	1726.156
172	1633.454
173	1630.155
174	1889.664
175	1883.497
176	2227.487
177	2417.297
178	2594.901
179	2575.526
180	2598.469
181	2782.467
182	3233.547
183	3289.752
184	3833.849
185	4082.041
186	4032.024
187	3899.621
188	3699.419
189	4381.862
190	4537.688
191	3551.185
192	2985.98
193	2744.69
194	2192.583
195	1828.969
196	1847.301
197	2033.542
198	2764.869
199	3516.257
200	4182.471
201	4605.791
202	5666.424
203	6462.634
204	6777.979
205	7126.889
206	7432.416
207	7819.904
208	8027.648
209	7872.863
210	7347.516
211	6783.327
212	6322.495
213	6867.933
214	6759.672
215	5588.381
216	4311
217	3013.638
218	2183.827
219	1929.029
220	1984.297
221	2140.69
222	2736.59
223	3254.227
224	3876.836
225	3955.597
226	4919.766
227	5848.513
228	6303.888
229	6888.385
230	7052.957
231	7211.744
232	7437.373
233	7097.148
234	6281.221
235	6217.218
236	6092.461
237	6825.34
238	6318.938
239	5173.425
240	3994.375
241	2815.841
242	2251.551
243	2070.287
244	1805.833
245	2015.944
246	2560.278
247	2883.429
248	3381.802
249	4180.037
250	5043.7
251	5705.064
252	6061.133
253	6454.343
254	6370.215
255	6521.954
256	6579.625
257	6477.992
258	6291.729
259	5991.894
260	5853.836
261	6488.712
262	6092.158
263	4654.713
264	3704.746
265	2975.239
266	2321.466
267	1597.507
268	1754.946
269	1827.722
270	2335.942
271	2757.565
272	3311.297
273	3657.351
274	4837.073
275	5306.472
276	5847.971
277	6168.072
278	6931.837
279	7579.28
280	8083.626
281	8058.992
282	7100.206
283	6544.189
284	6094.938
285	6646.282
286	5928.6
287	4678.905
288	3863.875
289	3137.735
290	2260.7
291	1927.543
292	1917.11
293	1955.74
294	2455.91
295	2868.655
296	3176.684
297	3461.781
298	4312.62
299	5088.893
300	5495.631
301	6226.352
302	7086.15
303	7762.319
304	8097.066
305	7661.128
306	6932.151
307	6018.394
308	5270.832
309	5768.747
310	5960.727
311	5178.633
312	3979.231
313	3260.96
314	2554.087
315	1921.725
316	2026.97
317	2104.078
318	2377.3
319	2713.449
320	2948.307
321	3238.923
322	4321.096
323	5033.769
324	5176.507
325	4919.587
326	5093.748
327	5454.887
328	5629.108
329	5517.617
330	5289.224
331	5172.492
332	4748.053
333	5070.398
334	5708.731
335	4646.801
336	3472.82
337	2779.259
338	2119.53
339	1804.059
340	1711.422
341	1714.883
342	1964.188
343	2314.058
344	2511.975
345	2650.254
346	3175.805
347	3812.558
348	4634.91
349	4758.827
350	4934.719
351	5155.782
352	5653.212
353	5804.316
354	5801.15
355	6009.147
356	5353.609
357	5557.732
358	5677.747
359	4745.466
360	3457.495
361	2967.419
362	2368.018
363	2087.913
364	2186.643
365	2382.009
366	2893.825
367	3527.366
368	4407.029
369	5143.742
370	6052.722
371	7010.971
372	7480.755
373	7680.284
374	8412.293
375	8840.303
376	9491.473
377	9447.078
378	8726.7
379	8423.62
380	7890.934
381	8546.873
382	8163.078
383	6057.911
384	4050.742
385	3143.407
386	2502.293
387	2135.209
388	2186.357
389	2539.439
390	3298.345
391	3656.743
392	4695.809
393	5328.18
394	6539.766
395	7516.099
396	8388.798
397	8531.204
398	9467.232
399	9977.9
400	10224.69
401	10029.21
402	9703.788
403	9298.403
404	8669.913
405	8957.435
406	8847.145
407	6736.504
408	4709.904
409	3540.42
410	2859.175
411	2385.271
412	2324.199
413	2506.595
414	3229.161
415	4096.837
416	4938.754
417	5856.66
418	7182.786
419	8000.838
420	8927.464
421	9447.907
422	9525.272
423	9821.244
424	10291.08
425	10164.31
426	9309.877
427	8994.893
428	8821.903
429	8953.057
430	8213.784
431	6180.46
432	4996.719
433	3376.076
434	2764.808
435	2256.763
436	2382.347
437	2460.352
438	3326.736
439	3982.203
440	4822.653
441	5831.107
442	7104.971
443	8069.095
444	8665.081
445	8949.094
446	9692.04
447	10527.2
448	10795.85
449	10687.29
450	10647.73
451	10179.99
452	9174.483
453	9663.139
454	9369.186
455	6741.468
456	4892.057
457	3743.113
458	2734.173
459	2383.249
460	2655.995
461	2893.237
462	3439.017
463	4025.05
464	4901.625
465	5699.05
466	6667.998
467	8070.192
468	8530.21
469	9093.824
470	10307.89
471	10473.87
472	10323.72
473	10267.91
474	10024.53
475	8920.648
476	8109.078
477	8503.059
478	7889.515
479	6295.735
480	4870.925
481	4544.129
482	3330.262
483	2686.686
484	2545.939
485	2560.541
486	2760.464
487	3061.65
488	3610.833
489	4603.61
490	5453.563
491	6134.408
492	6553.593
493	7592.876
494	8027.839
495	8185.11
496	8728.912
497	8766.613
498	8943.575
499	9124.127
500	8493.48
501	8865.608
502	8188.521
503	6752.176
504	5257.415
505	3243.605
506	2653.666
507	2504.175
508	2625.044
509	2624.875
510	2510.347
511	2559.578
512	2745.986
513	3810.369
514	4342.405
515	5189.861
516	6356.093
517	7124.544
518	7751.547
519	8180.596
520	8751.416
521	8973.891
522	8719.827
523	8251.715
524	8032.901
525	8263.942
526	7363.989
527	6141.28
528	4126.982
529	3530.951
530	2702.113
531	2251.803
532	2289.593
533	2881.909
534	4265.084
535	5220.296
536	6196.233
537	7477.169
538	8815.344
539	10668.78
540	11418.12
541	12349.54
542	12603.28
543	13247.72
544	14127.28
545	14558.21
546	13932.46
547	13872.41
548	12996.83
549	13007.93
550	10906.61
551	8130.14
552	5792.451
553	4225.452
554	3217.975
555	2805.736
556	2667.058
557	2842.251
558	3859.068
559	6090.283
560	7091.08
561	7986.564
562	10340.77
563	11820.02
564	12991.67
565	13113.62
566	14265.38
567	14590.51
568	15397.61
569	15706.16
570	15462.61
571	14817.93
572	13841.08
573	13813.28
574	12687.98
575	9590.848
576	6846.95
577	4536.519
578	3290.731
579	3050.642
580	2902.162
581	3164.559
582	4145.471
583	6220.778
584	7921.906
585	9019.315
586	11076.42
587	12135.49
588	13838.41
589	15307.76
590	16137.49
591	17061.64
592	17001.91
593	17290.33
594	16763.69
595	16534.06
596	16827.99
597	16040.04
598	14035.48
599	10257.62
600	7771.466
601	5713.616
602	4099.843
603	3689.113
604	3778.76
605	4045.369
606	5411.61
607	7286.655
608	9332.085
609	10669.34
610	12249.78
611	13833.73
612	15022.99
613	14956.53
614	14800.38
615	16341.23
616	16411.58
617	15777.87
618	15433.74
619	14656.13
620	13367.28
621	13537.99
622	12884.11
623	10691.36
624	8104.92
625	5857.864
626	4666.836
627	3809.336
628	3510.489
629	3708.483
630	4852.689
631	7368.402
632	8819.664
633	10556.84
634	12351.69
635	13969.75
636	14990.57
637	15562.4
638	15938.74
639	15916.18
640	16656.9
641	16377.16
642	15075.27
643	14422.53
644	13567.95
645	13292.53
646	12964.67
647	9724.958
648	7854.266
649	4890.935
650	3283.126
651	2778.348
652	2733.314
653	2704.182
654	3095.5
655	3801.838
656	4572.113
657	5755.977
658	7527.919
659	9731.723
660	10764.04
661	11090.44
662	11920.13
663	12162.84
664	13372.83
665	13268.55
666	12014.6
667	11588.93
668	10964.07
669	11091.63
670	9817.65
671	7346.872
672	5572.805
673	4333.469
674	3576.258
675	3013.09
676	2631.825
677	2476.91
678	2803.241
679	3214.71
680	3433.807
681	4212.811
682	5481.371
683	6249.286
684	7719.029
685	8624.753
686	9591.135
687	9756.027
688	10198.19
689	10177.93
690	10163.77
691	10019.09
692	9508.768
693	10552.52
694	9338.64
695	7339.117
696	5391.265
697	4501.898
698	3658.659
699	3042.525
700	2989.07
701	3157.541
702	3819.074
703	5888.945
704	6849.13
705	8106.241
706	9410.285
707	10318.52
708	11668.02
709	11471.91
710	11980.89
711	11359.21
712	11718.42
713	11580.18
714	10544.62
715	10311.52
716	10256.93
717	9747.282
718	9755.533
719	6772.742
720	5140.223
721	3262.89
722	2872.971
723	2332.825
724	2321.877
725	2566.954
726	3287.692
727	4541.027
728	5613.191
729	6805.757
730	7953.449
731	8725.069
732	8939.065
733	9612.374
734	9782.734
735	9801.228
736	10120.91
737	10024.58
738	9235.14
739	8212.695
740	8074.773
741	8672.527
742	8519.121
743	6108.908
744	4652.136;

           
         
param p_act  :=  

1	25.4313
2	20.5810
3	17.9992
4	14.0003
5	13.9933
6	9.9985
7	9.9961
8	15.9944
9	24.4848
10	26.9930
11	28.7624
12	28.9967
13	29.1374
14	28.9977
15	29.3922
16	29.8848
17	29.9942
18	30.1792
19	29.6212
20	28.9448
21	29.4834
22	27.4962
23	26.9901
24	23.9945
25	21.6670
26	21.2081
27	20.2024
28	18.4491
29	20.2090
30	25.3841
31	26.2283
32	26.1169
33	26.5060
34	29.1478
35	31.0075
36	31.5004
37	35.6541
38	39.2500
39	41.8460
40	43.6079
41	41.6532
42	39.0002
43	34.4128
44	31.0083
45	31.0029
46	29.1435
47	29.1918
48	25.8968
49	19.9985
50	18.4921
51	17.9929
52	17.9925
53	17.9983
54	23.2048
55	24.7193
56	22.7489
57	25.4790
58	26.9988
59	29.4939
60	30.5410
61	31.9939
62	34.0291
63	38.2127
64	39.0854
65	38.4978
66	34.2588
67	32.3061
68	30.5918
69	29.9729
70	26.2572
71	26.9962
72	23.2069
73	24.2062
74	22.0049
75	18.9982
76	18.9936
77	18.9983
78	23.0292
79	24.0035
80	24.4989
81	28.7476
82	29.4740
83	32.2076
84	34.0044
85	39.8640
86	42.7156
87	50.0542
88	52.0027
89	50.8104
90	41.9925
91	38.9931
92	34.0062
93	31.5067
94	29.6434
95	26.4155
96	23.9905
97	22.2078
98	20.5969
99	18.5099
100	18.5045
101	18.5069
102	23.0061
103	20.3976
104	25.1705
105	28.2933
106	29.1970
107	31.5034
108	31.9902
109	36.0020
110	42.6056
111	50.0084
112	55.0041
113	55.0001
114	46.3514
115	36.4993
116	32.2673
117	31.5048
118	29.9918
119	27.0420
120	23.5096
121	22.5353
122	20.5249
123	18.5106
124	17.5081
125	18.0115
126	22.5167
127	18.0097
128	21.7356
129	24.5822
130	25.6404
131	29.0008
132	28.8715
133	31.5094
134	32.1798
135	33.4981
136	33.9942
137	33.0012
138	31.9703
139	30.2921
140	26.9944
141	26.9930
142	26.3586
143	25.4995
144	22.5034
145	21.0031
146	19.5019
147	14.4998
148	13.9981
149	13.9939
150	18.0011
151	10.6659
152	19.0008
153	23.0032
154	24.0020
155	25.0097
156	24.4320
157	26.0015
158	25.4549
159	25.1229
160	25.0088
161	25.2299
162	25.0063
163	25.0015
164	24.1056
165	24.9963
166	25.0012
167	24.0167
168	20.5245
169	17.0060
170	16.7882
171	12.1073
172	11.9958
173	11.9907
174	11.2082
175	9.0034
176	13.9949
177	18.0060
178	21.0092
179	22.2157
180	22.3403
181	24.0984
182	24.0015
183	26.0339
184	26.7222
185	27.7793
186	28.0081
187	27.1559
188	26.0073
189	27.6858
190	25.2294
191	22.5222
192	18.0046
193	17.9952
194	19.5016
195	13.9989
196	13.9988
197	17.0036
198	20.2079
199	22.6178
200	27.0005
201	26.7337
202	26.7831
203	27.9932
204	28.1330
205	28.4822
206	29.4987
207	29.7003
208	29.9965
209	29.9925
210	29.9902
211	28.6794
212	27.0067
213	27.0096
214	26.0194
215	25.0220
216	20.5167
217	17.9921
218	17.5067
219	15.0050
220	15.0010
221	15.0065
222	17.9986
223	19.3047
224	20.8749
225	24.3300
226	26.9921
227	27.3712
228	27.1715
229	27.9347
230	28.4112
231	29.9921
232	29.9927
233	27.9594
234	27.0092
235	27.0232
236	27.0083
237	27.2989
238	26.1829
239	22.0000
240	19.9950
241	18.9910
242	16.2030
243	13.9912
244	13.5029
245	13.9936
246	19.4933
247	23.8432
248	25.4949
249	27.0007
250	28.1515
251	28.3879
252	28.4963
253	29.3374
254	31.0031
255	30.8579
256	31.0011
257	30.0960
258	29.0521
259	28.7653
260	28.8198
261	28.5748
262	27.7492
263	20.5088
264	18.9981
265	17.9963
266	14.5036
267	13.0081
268	13.0011
269	13.0088
270	18.9704
271	24.4803
272	24.9699
273	27.0015
274	27.1191
275	27.1435
276	27.1430
277	27.4330
278	27.9984
279	29.2234
280	29.3391
281	28.9318
282	28.0170
283	27.7073
284	27.2922
285	27.3510
286	27.1150
287	22.7526
288	18.5025
289	15.9919
290	14.0100
291	13.0052
292	12.8981
293	13.0023
294	15.2033
295	15.2049
296	21.1307
297	24.7003
298	27.0030
299	27.0080
300	27.0043
301	27.5260
302	27.7974
303	28.0427
304	28.2426
305	27.9460
306	27.6462
307	27.0088
308	27.0046
309	27.5946
310	27.0033
311	20.0022
312	17.9997
313	18.2061
314	15.0076
315	13.2520
316	13.0077
317	13.0035
318	15.0019
319	12.9482
320	20.6870
321	25.6389
322	27.0078
323	27.5313
324	27.2271
325	27.0096
326	27.4291
327	27.8544
328	27.5058
329	27.3052
330	27.0089
331	27.0052
332	27.0044
333	27.0052
334	27.0269
335	28.1506
336	18.5090
337	19.7032
338	14.1363
339	13.0041
340	12.9443
341	11.9483
342	11.9967
343	11.9947
344	15.5041
345	19.9932
346	22.0045
347	25.5747
348	26.8418
349	26.8408
350	26.8448
351	26.8454
352	26.8467
353	27.7472
354	26.8443
355	26.5525
356	26.2062
357	27.0804
358	26.5797
359	26.5709
360	19.7876
361	16.2001
362	15.0000
363	13.0091
364	13.0092
365	13.9969
366	19.5085
367	23.9948
368	27.0039
369	28.0572
370	30.2113
371	30.2963
372	32.0222
373	32.6850
374	33.9769
375	34.9990
376	35.2354
377	34.9962
378	33.5096
379	30.9013
380	29.9991
381	31.4542
382	28.5138
383	26.9955
384	23.9908
385	19.5072
386	18.5331
387	16.5065
388	16.2050
389	15.4383
390	19.2596
391	21.9968
392	26.2605
393	27.0049
394	28.2700
395	29.7770
396	30.0077
397	33.0029
398	33.5065
399	36.0086
400	37.9938
401	36.4609
402	34.0019
403	30.4983
404	30.0093
405	29.0070
406	29.0045
407	24.8457
408	21.9915
409	19.6873
410	18.4281
411	16.2540
412	16.2062
413	16.9412
414	20.8726
415	24.6266
416	27.0025
417	29.5416
418	29.6887
419	32.7821
420	33.0004
421	33.6285
422	41.1569
423	48.0013
424	48.0095
425	46.3288
426	44.9109
427	35.3438
428	33.5061
429	32.7248
430	28.4180
431	24.2466
432	20.7300
433	21.9955
434	19.9905
435	17.0391
436	16.5067
437	16.9915
438	20.0081
439	20.5745
440	27.0015
441	29.1669
442	29.2595
443	30.0601
444	30.4066
445	33.5014
446	35.9959
447	44.5470
448	48.1740
449	48.0079
450	40.5271
451	33.5065
452	32.1197
453	33.5028
454	29.2592
455	25.3072
456	24.5039
457	22.0916
458	20.2506
459	18.2536
460	18.2535
461	18.0037
462	19.7535
463	20.4732
464	24.9989
465	28.2629
466	29.1835
467	29.9992
468	30.0040
469	31.0078
470	33.3938
471	39.0062
472	41.1096
473	40.0099
474	35.0068
475	30.0978
476	29.6913
477	30.0004
478	28.4348
479	25.9928
480	24.0901
481	35.7009
482	34.4340
483	31.5322
484	28.3793
485	27.9992
486	24.5064
487	23.2392
488	26.4969
489	29.0092
490	30.0069
491	32.0035
492	32.0021
493	34.6888
494	35.9911
495	39.0034
496	41.0039
497	41.0029
498	40.5817
499	37.6928
500	34.0027
501	36.1508
502	32.1617
503	38.0025
504	31.5356
505	28.4102
506	24.5016
507	19.5095
508	18.5014
509	18.2562
510	18.4294
511	18.5013
512	22.4981
513	28.7978
514	29.7069
515	31.5338
516	33.7068
517	35.0085
518	37.4230
519	40.0015
520	41.0006
521	41.0034
522	41.0035
523	40.9909
524	37.8927
525	40.9908
526	34.8550
527	34.2201
528	28.6791
529	26.7542
530	24.5082
531	22.2036
532	22.2018
533	21.8320
534	23.6957
535	27.0014
536	27.4182
537	28.4966
538	31.5059
539	34.0435
540	35.1175
541	38.2515
542	48.1396
543	56.2126
544	64.0004
545	63.0766
546	48.9988
547	43.6980
548	38.2263
549	38.0401
550	34.0966
551	33.0027
552	29.9965
553	29.8097
554	25.0009
555	22.5017
556	22.0078
557	23.1713
558	28.4116
559	27.0098
560	28.7902
561	29.2372
562	31.0322
563	33.9983
564	38.7069
565	45.0041
566	75.0044
567	136.1178
568	161.4633
569	152.7486
570	91.2723
571	66.9615
572	47.9929
573	38.3682
574	33.7999
575	33.1428
576	31.5369
577	28.0069
578	24.0063
579	22.2077
580	22.0057
581	22.5040
582	24.6290
583	25.9962
584	27.0070
585	30.0282
586	32.4947
587	34.0020
588	36.8601
589	39.8956
590	63.9904
591	102.5585
592	122.4412
593	106.7290
594	81.5273
595	42.9998
596	40.9985
597	35.7916
598	32.5940
599	32.6727
600	29.9931
601	27.4765
602	24.5007
603	23.0049
604	22.2042
605	22.2088
606	26.0043
607	27.0025
608	27.0096
609	29.9983
610	33.4945
611	34.0039
612	36.1986
613	43.9913
614	65.0086
615	147.9928
616	171.6400
617	174.9900
618	125.2701
619	53.7330
620	48.0037
621	40.8807
622	34.8426
623	35.2474
624	30.0057
625	36.9491
626	34.9118
627	31.8760
628	30.0003
629	29.9956
630	36.5186
631	33.5030
632	35.9440
633	37.6450
634	45.0014
635	59.2532
636	61.4377
637	91.3638
638	175.0001
639	212.9250
640	224.9955
641	219.2695
642	200.0005
643	91.6246
644	61.2402
645	58.4477
646	44.0085
647	36.6983
648	33.0084
649	31.5165
650	29.9911
651	28.0061
652	27.9923
653	27.5074
654	27.7490
655	23.6951
656	26.5083
657	28.2204
658	30.9948
659	34.8755
660	36.5004
661	39.8649
662	50.0035
663	75.0012
664	75.0047
665	75.0040
666	72.8328
667	40.0097
668	38.9409
669	37.6785
670	33.9977
671	34.9416
672	31.0043
673	28.4107
674	23.3657
675	20.0005
676	17.8818
677	13.9974
678	19.9950
679	13.9994
680	24.6209
681	30.1989
682	35.0028
683	36.9475
684	42.0698
685	44.9632
686	53.0077
687	59.9996
688	70.0007
689	69.9857
690	64.9948
691	52.6100
692	49.9994
693	53.0038
694	40.0041
695	34.8560
696	28.5086
697	27.5042
698	24.2017
699	19.7489
700	18.4253
701	22.0055
702	28.4150
703	29.0043
704	32.8382
705	34.4989
706	36.5040
707	40.5480
708	44.7005
709	53.7013
710	72.4140
711	81.9959
712	92.1993
713	81.9965
714	70.9875
715	50.2445
716	46.1607
717	46.0250
718	36.4710
719	33.9033
720	29.8309
721	25.0016
722	20.8848
723	14.9984
724	14.4995
725	17.3680
726	23.0057
727	24.2067
728	27.0013
729	28.2108
730	29.7901
731	32.2492
732	33.3172
733	36.2439
734	44.0607
735	46.0019
736	45.0074
737	44.9926
738	40.1276
739	33.2466
740	32.4945
741	32.1491
742	28.5542
743	29.0086
744	28.0088;
          
        
        
             

