set     FIRMS :=           AES     DUKE    DYN     MIR     REL    FR ;
set     THERMLINE:=         1,      2,      3, 4, 5       ;
set     TFIRMS :=          AES     DUKE    DYN     MIR     REL   FR   ;

param   Tdata :=                720;
param   T :=                720;
param   ST :=                1;


param BT :=		199909000;

param   firmtype :=        AES      2      DUKE     2      DYN      2      MIR      2      REL      2    FR    1     ;

param   k :         AES     DUKE    DYN     MIR     REL     FR   :=
                        	
1	29.6697	29.9803	27.5304	29.9329	28.0576	30.8944
2	30.1862	33.8982	29.5102	30.4164	29.3109	36.2326
3	30.8310	37.8995	32.0586	31.6447	30.1936	39.0545
4	33.7425	52.8765	34.1318	32.4337	30.7432	40.2008
5	34.9002	56.0430	58.6900	39.1470	39.6121	42.9645
;

param   mc:                 AES     DUKE    DYN     MIR     REL     FR    :=
1	0.00060	0.00286	0.00118	0.00054	0.00201	0.02087
2	0.00048	0.00874	0.00413	0.00192	0.00068	0.01105
3	0.00386	0.02491	0.00471	0.00274	0.00069	0.00981
4	0.00251	0.01578	0.06697	0.00821	0.02032	0.02238
5	0.08503	0.37938	0.64939	0.00723	0.12490	0.25051
;

param   maxtherm:                AES     DUKE    DYN     MIR     REL     FR    :=
1	860	1368	1681	888	625	256
2	1354	458	616	641	1295	255
3	753	601	440	288	793	117
4	461	201	367	818	436	124
5	250	42	14	49	310	89
;

param b :=

1	5392.397
2	5446.32097
3	5397.789397
4	4011.515
5	6773.278
;

param q_act  :=    
1	3591.162
2	2975.355
3	2459.404
4	2327.756
5	2512.4
6	3317.664
7	4488.69
8	5163.277
9	5974.387
10	6858.668
11	7422.786
12	7886.008
13	7778.106
14	8617.776
15	8424.37
16	8714.385
17	8205.472
18	6855.69
19	7111.095
20	7411.946
21	8197.774
22	7241.493
23	5493.886
24	4047.018
25	2870.488
26	2447.78
27	2012.318
28	1923.977
29	2057.839
30	2657.177
31	3439.933
32	4294.107
33	5055.581
34	6461.647
35	7055.707
36	6894.447
37	6931.957
38	7561.163
39	8016.229
40	7811.87
41	7708.107
42	7136.548
43	6727.641
44	7373.744
45	7530.559
46	7079.974
47	5406.785
48	4144.3
49	2766.229
50	2438.199
51	1909.62
52	1877.518
53	2271.374
54	2974.536
55	3762.378
56	4625.777
57	5253.969
58	6280.761
59	6107.119
60	6265.216
61	6664.331
62	7339.611
63	7019.302
64	7396.344
65	7245.683
66	6533.139
67	6632.99
68	6028.967
69	6605.585
70	6629.11
71	5268.449
72	4688.799
73	3101.92
74	2576.831
75	2171.793
76	2044.011
77	2124.142
78	2581.551
79	2644.793
80	3449.696
81	3673.816
82	4373.062
83	4845.137
84	5015.238
85	5262.278
86	5145.761
87	5347.333
88	5917.596
89	6022.884
90	6164.963
91	6289.331
92	6104.533
93	6301.79
94	6227.115
95	4508.085
96	3501.207
97	2789.004
98	2435.557
99	2057.549
100	1875.75
101	1995.934
102	2222.006
103	1995.481
104	2307.7
105	2506.954
106	2834.757
107	3370.648
108	4147.807
109	4098.613
110	4406.318
111	4552.329
112	5072.525
113	5293.896
114	5397.272
115	5990.646
116	5515.394
117	5621.246
118	5344.266
119	4241.036
120	3466.674
121	2987.152
122	2323.866
123	1966.78
124	1960.409
125	2180.025
126	2423.859
127	2838.124
128	2641.964
129	2595.696
130	3288.566
131	3939.982
132	4771.919
133	4835.828
134	4926.094
135	4874.754
136	5796.883
137	6370.781
138	6394.247
139	6595.052
140	6802.315
141	6835.301
142	5914.385
143	4733.04
144	3378.533
145	2950.267
146	2344.293
147	2145.604
148	2287.776
149	2493.991
150	3348.147
151	3902.292
152	5014.87
153	5897.667
154	6699.656
155	7393.968
156	8196.171
157	8218.668
158	9069.224
159	9192.999
160	9861.108
161	9605.176
162	9415.217
163	8905.158
164	8970.896
165	9608.942
166	8606.274
167	6172.796
168	4455.098
169	3148.115
170	2440.711
171	2099.987
172	2388.455
173	2556.469
174	3647.181
175	4638.437
176	5743.392
177	6152.537
178	6939.633
179	8430.079
180	8981.543
181	9108.95
182	9397.282
183	9913.789
184	10071.43
185	10177.22
186	9247.303
187	9014.858
188	9562.122
189	9315.898
190	8525.021
191	7264.336
192	5650.98
193	4286.788
194	3131.615
195	2854.305
196	2705.105
197	2980.884
198	3867.97
199	5622.703
200	6242.686
201	6620.838
202	7526.178
203	7958.765
204	8363.572
205	8552.828
206	9170.681
207	9275.655
208	9476.345
209	8966.955
210	8652.561
211	8381.668
212	9186.538
213	9401.407
214	8690.092
215	6905.749
216	4921.251
217	3409.575
218	2707.84
219	2348.44
220	2656.705
221	3013.011
222	4016.133
223	5409.047
224	6317.663
225	6490.979
226	7632.136
227	8507.317
228	9499.963
229	9631.921
230	9563.266
231	9350.069
232	9546.084
233	9421.729
234	8538.328
235	7974.794
236	8534.198
237	8899.464
238	8430.07
239	6825.156
240	5487.592
241	3843.348
242	2808.578
243	2138.077
244	2031.292
245	2302.559
246	3020.71
247	3649.538
248	3913.911
249	4677.877
250	5431.955
251	5989.188
252	6356.931
253	6548.915
254	6884.122
255	7127.775
256	7196.582
257	7103.835
258	6893.344
259	7007.022
260	6964.423
261	7078.781
262	7068.197
263	5367.541
264	3739.458
265	3194.312
266	2615.869
267	2351.336
268	2094.809
269	2246.97
270	2530.996
271	2462.028
272	2623.747
273	3210.203
274	3870.51
275	4462.095
276	4739.234
277	5348.933
278	6053.335
279	6536.488
280	6517.823
281	6797.807
282	6874.531
283	7421.459
284	7364.011
285	7497.73
286	6952.855
287	4987.846
288	3558.622
289	2830.744
290	2488.801
291	2244.561
292	2300.968
293	2557.417
294	3520.591
295	4936.597
296	5945.382
297	6133.665
298	6908.653
299	7974.502
300	8837.756
301	8925.222
302	9743.071
303	10274.36
304	10657.28
305	10374.88
306	9732.662
307	9015.728
308	9843.928
309	9997.675
310	8932.524
311	6900.081
312	4829.797
313	3484.494
314	2814.875
315	2265.292
316	2394.293
317	2652.746
318	3893.237
319	5322.12
320	6077.188
321	6394.583
322	7124.299
323	8057.685
324	8822.423
325	8824.452
326	9178.378
327	9500.91
328	9506.334
329	9317.492
330	9083.915
331	8249.292
332	9105.004
333	8671.111
334	8686.061
335	6528.698
336	4861.479
337	3574.378
338	2707.622
339	2454.085
340	2435.964
341	2735.867
342	4004.153
343	5451.124
344	6493.107
345	7098.542
346	7493.991
347	8260.63
348	8554.856
349	9281.044
350	9888.332
351	10160.78
352	10422.69
353	10377.29
354	9228.022
355	9159.8
356	9755.232
357	9575.106
358	8693.82
359	6470.54
360	5200.367
361	4203.352
362	3125.133
363	2793.462
364	2907.1
365	3181.631
366	4385.426
367	5428.143
368	5903.611
369	6576.645
370	7210.994
371	7734.304
372	8062.769
373	8480.793
374	8729.543
375	8928.784
376	9437.901
377	9520.367
378	8704.547
379	8366.176
380	9128.268
381	8847.633
382	8656.994
383	6966.02
384	5378.191
385	4044.34
386	3271.499
387	2604.598
388	2589.761
389	3061.684
390	4190.638
391	5269.95
392	5795.817
393	6110.855
394	6736.032
395	7308.625
396	7791.434
397	8412.781
398	8278.588
399	8718.074
400	8998.721
401	8434.24
402	7761.934
403	7409.206
404	7802.346
405	7827.643
406	7388.122
407	6664.106
408	5155.305
409	3619.391
410	2843.781
411	2365.119
412	2468.646
413	2530.238
414	3345.301
415	3921.963
416	4578.01
417	4933.489
418	5712.869
419	6116.412
420	6363.845
421	6247.422
422	6379.24
423	6714.203
424	6161.654
425	5776.18
426	5885.014
427	6626.96
428	6698.303
429	6388.84
430	6176.424
431	5380.966
432	3707.23
433	2696.126
434	2145.776
435	1860.278
436	1766.675
437	1850.949
438	2137.427
439	2742.026
440	3100.243
441	3827.488
442	4041.363
443	4586.928
444	5157.958
445	5447.144
446	5211.962
447	5065.894
448	5196.352
449	4901.682
450	5246.779
451	5568.402
452	6608.612
453	6713.313
454	5977.954
455	4352.281
456	3316.805
457	2892.402
458	2498.843
459	2115.495
460	2268.084
461	2928.017
462	4130.715
463	5152.851
464	6203.066
465	6499.854
466	6949.387
467	7625.678
468	8001.076
469	7899.443
470	8414.236
471	8393.57
472	8681.965
473	8676.932
474	8208.858
475	8179.064
476	8290.946
477	8485.058
478	7971.932
479	6714.713
480	5074.627
481	3762.205
482	2787.505
483	2396.902
484	2400.834
485	2812.713
486	4145.736
487	5536.06
488	6940.519
489	7598.18
490	7750.896
491	8382.122
492	8963.47
493	8834.656
494	9415.654
495	9615.635
496	9542.251
497	9758.006
498	9417.134
499	9513.293
500	9586.922
501	9553.913
502	8927.87
503	6986.361
504	5378.323
505	4213.789
506	3345.446
507	2569.266
508	2580.408
509	3138.651
510	4793.075
511	5950.199
512	7229.313
513	8186.202
514	8547.03
515	9602.374
516	9443.461
517	9901.668
518	10111.3
519	10470.8
520	10624.25
521	10501.16
522	9870.99
523	10019.28
524	10434.96
525	9985.598
526	10289.06
527	8724.387
528	6016.237
529	4766.472
530	4142.046
531	3509.544
532	3260.288
533	3773.342
534	5207.452
535	6952.435
536	8022.509
537	8211.881
538	8668.622
539	9337.007
540	9350.404
541	9219.974
542	9698.777
543	10016.71
544	10092.97
545	10179.52
546	9286.128
547	8976.447
548	9714.109
549	10161.51
550	9703.338
551	8021.091
552	5819.519
553	4671.445
554	3999.179
555	3538.631
556	3772.074
557	3962.895
558	5388.668
559	7251.559
560	7786.853
561	7884.128
562	8851.341
563	9292.399
564	9519.86
565	9747.011
566	9975.877
567	9665.671
568	10258.14
569	10450.68
570	9570.33
571	9610.515
572	9684.796
573	10176.17
574	9635.635
575	8443.476
576	6498.47
577	4979.557
578	4244.937
579	3734.111
580	3608.73
581	3707.512
582	4495.694
583	5292.639
584	5424.56
585	6402.3
586	7237.267
587	7641.928
588	8012.797
589	8547.744
590	8400.291
591	8667.905
592	9020.136
593	8674.152
594	8398.42
595	8876.144
596	8833.893
597	8703.871
598	8764.366
599	7364.525
600	6247.824
601	4615.374
602	3915.719
603	3336.183
604	3130.928
605	3188.056
606	3683.687
607	4532.684
608	4472.942
609	5275.674
610	5999.545
611	6205.26
612	6659.753
613	7084.592
614	7150.308
615	7415.805
616	7954.107
617	7986.156
618	8187.649
619	8735.139
620	8832.211
621	8472.627
622	8187.885
623	7266.147
624	5803.649
625	4662.659
626	4279.494
627	3875.138
628	3712.342
629	4081.026
630	5659.974
631	7388.973
632	8147.157
633	8764.828
634	9303.896
635	9862.48
636	10400.28
637	10816.26
638	11005.56
639	11493.2
640	11760.91
641	11699.59
642	10824.81
643	10878.76
644	11522.81
645	10966.63
646	10634.62
647	9392.186
648	7940.905
649	6005.928
650	4901.033
651	4317.979
652	4219.124
653	4508.986
654	5701.226
655	8432.175
656	9574.324
657	9870.835
658	10190.69
659	10348.95
660	10807.9
661	10987.79
662	11036.46
663	10952.68
664	11849.03
665	11664.2
666	11246.4
667	11173.41
668	11688.99
669	11864.12
670	11549.08
671	9703.94
672	7566.046
673	5974.397
674	5209.438
675	4723.768
676	4548.595
677	4731.337
678	5653.726
679	7107.313
680	8282.211
681	9191.702
682	10106.48
683	10568.18
684	11078.46
685	11491.98
686	11809.78
687	12682.07
688	13685.55
689	13814.17
690	13268.51
691	12909
692	13338.33
693	12975.46
694	11938.35
695	9989.443
696	7990.765
697	6232.365
698	5094.457
699	4513.53
700	4394.24
701	4691.79
702	5804.843
703	7151.853
704	7964.251
705	8792.586
706	9886.358
707	10243.56
708	10809.5
709	11638.53
710	12027.29
711	12647.31
712	13166.51
713	13298.16
714	12397.04
715	11871.29
716	12447.96
717	12499.64
718	12040.51
719	9977.545
720	8141.675
;

           
         
param p_act  :=  

1	25.4435
2	21.5012
3	20.0010
4	20.0021
5	21.0047
6	28.0890
7	30.4060
8	30.9910
9	32.5970
10	32.9990
11	33.2476
12	33.3978
13	34.0066
14	35.3201
15	35.9964
16	41.3448
17	40.1223
18	36.7483
19	33.5081
20	33.4524
21	33.4518
22	30.5253
23	29.9985
24	28.5045
25	24.0053
26	18.6895
27	15.0990
28	14.4916
29	17.0338
30	25.0046
31	27.3966
32	28.5010
33	29.0023
34	29.8604
35	30.3673
36	29.8033
37	29.6848
38	30.3830
39	32.9948
40	34.6493
41	32.7984
42	29.9947
43	29.3875
44	32.0001
45	32.2018
46	29.3485
47	28.9905
48	25.0581
49	20.8314
50	14.9970
51	12.4703
52	11.4979
53	16.0007
54	23.0050
55	25.0076
56	27.6579
57	28.0423
58	28.0047
59	27.9385
60	27.1379
61	28.8004
62	28.9957
63	29.6893
64	28.9904
65	28.7630
66	27.4025
67	27.3368
68	28.7016
69	27.5829
70	25.5047
71	25.5076
72	23.4951
73	19.9987
74	16.9939
75	16.0066
76	15.2570
77	16.2402
78	18.6622
79	19.9979
80	22.0090
81	23.9052
82	23.8012
83	24.9194
84	24.6283
85	26.8792
86	26.7763
87	28.2119
88	28.2130
89	28.2123
90	29.9480
91	28.2156
92	28.2133
93	27.8898
94	26.0362
95	24.2546
96	22.0088
97	21.3939
98	16.2479
99	16.0038
100	14.9936
101	16.0023
102	16.2434
103	15.0030
104	20.0011
105	22.5750
106	23.3947
107	25.5234
108	25.6784
109	27.2665
110	27.7794
111	28.3273
112	27.9933
113	29.5460
114	29.9433
115	32.0431
116	30.7430
117	34.9410
118	29.4455
119	27.9961
120	22.1048
121	19.9980
122	17.4962
123	15.0074
124	15.0031
125	15.0072
126	17.4902
127	14.0099
128	19.0030
129	23.0033
130	24.0076
131	26.4508
132	28.2118
133	28.2128
134	28.3276
135	28.4526
136	29.4475
137	30.0056
138	30.2442
139	29.9472
140	29.9479
141	30.0075
142	29.0026
143	26.4584
144	20.0063
145	21.2455
146	18.9937
147	17.9934
148	16.7466
149	17.9949
150	19.6869
151	23.6059
152	26.0398
153	28.3948
154	30.1460
155	32.4129
156	33.6601
157	36.0087
158	40.5870
159	45.0828
160	47.6430
161	47.0677
162	42.7767
163	38.9949
164	38.2491
165	37.7844
166	31.8541
167	32.6192
168	27.0460
169	25.2459
170	22.5027
171	21.1033
172	21.0007
173	21.1097
174	24.6250
175	23.6066
176	27.6980
177	27.9983
178	30.9884
179	31.9250
180	33.4906
181	34.8050
182	38.2460
183	43.4909
184	44.1117
185	43.9921
186	37.1495
187	36.0049
188	35.8495
189	36.0045
190	31.1414
191	34.4927
192	31.9958
193	32.0014
194	25.4966
195	24.5837
196	24.2073
197	24.9916
198	26.7417
199	29.7994
200	29.9321
201	31.9394
202	32.2697
203	32.9969
204	34.0071
205	36.5852
206	37.6589
207	41.9989
208	45.0094
209	42.5023
210	37.7646
211	35.9990
212	36.3213
213	34.7911
214	31.1472
215	29.9974
216	28.9765
217	29.9901
218	25.7460
219	24.4420
220	23.9989
221	24.0770
222	26.7412
223	28.9908
224	30.9914
225	32.1498
226	32.4851
227	33.5579
228	34.0000
229	36.3957
230	37.0013
231	41.2414
232	42.4954
233	38.6634
234	36.3808
235	35.0095
236	34.9829
237	34.0039
238	31.3016
239	31.4378
240	29.2388
241	28.7461
242	26.2406
243	24.4404
244	23.9940
245	23.9917
246	23.9964
247	18.0050
248	23.3992
249	27.0823
250	30.0724
251	31.4943
252	31.4950
253	32.9194
254	34.0000
255	34.5438
256	35.7448
257	35.8943
258	34.7360
259	32.6383
260	32.9933
261	32.9935
262	30.7822
263	30.4976
264	28.4945
265	26.0070
266	24.9922
267	23.9982
268	23.0072
269	23.0071
270	23.3973
271	24.6050
272	24.9924
273	25.4985
274	28.2118
275	30.3463
276	30.7433
277	33.5036
278	34.0049
279	35.0212
280	34.6742
281	35.0083
282	34.8283
283	34.0005
284	34.0084
285	35.0006
286	33.1505
287	28.5038
288	26.0077
289	27.9930
290	25.4977
291	25.1944
292	24.6048
293	25.1379
294	25.4978
295	27.8873
296	26.5976
297	28.2190
298	32.0044
299	32.3152
300	32.9103
301	34.5023
302	36.2468
303	39.5645
304	39.7035
305	38.9941
306	36.0048
307	34.9469
308	35.1201
309	32.9946
310	31.7679
311	27.9960
312	27.9920
313	27.2402
314	25.8936
315	23.4983
316	22.6881
317	24.5055
318	26.4973
319	26.4000
320	30.4769
321	31.5487
322	34.9904
323	35.2869
324	35.4044
325	36.0188
326	39.9939
327	44.9937
328	43.7963
329	42.8604
330	37.0033
331	36.0033
332	37.1915
333	36.7941
334	34.8046
335	31.0050
336	26.5471
337	31.8249
338	27.7446
339	27.2407
340	26.9927
341	27.2429
342	31.8646
343	30.0090
344	31.7580
345	31.9597
346	32.3666
347	32.9984
348	33.9660
349	35.0093
350	38.1072
351	42.6389
352	43.0013
353	39.0094
354	36.0001
355	33.0572
356	34.2579
357	34.4657
358	32.2410
359	31.6875
360	31.1142
361	28.2474
362	25.0330
363	24.5004
364	22.2091
365	24.5041
366	26.7469
367	28.9981
368	31.7202
369	31.0097
370	31.9326
371	32.7343
372	33.0007
373	33.1459
374	35.9964
375	36.0009
376	36.0087
377	34.9957
378	33.9938
379	32.6432
380	33.0536
381	33.0355
382	31.7913
383	29.4938
384	28.7414
385	28.2455
386	23.9913
387	22.2002
388	20.4185
389	22.2053
390	24.5060
391	28.9960
392	30.9216
393	30.3827
394	30.7850
395	31.7369
396	30.5437
397	31.9557
398	33.9993
399	34.6475
400	35.0055
401	34.0070
402	32.8329
403	30.2147
404	31.9586
405	30.4994
406	29.5896
407	28.2490
408	28.2424
409	29.4953
410	28.2426
411	24.1971
412	23.9949
413	23.9973
414	24.1977
415	19.4941
416	24.0012
417	26.6278
418	29.1997
419	29.2444
420	28.9082
421	29.2433
422	29.9424
423	30.7369
424	29.7474
425	29.9402
426	28.6762
427	29.2456
428	29.9979
429	30.0429
430	29.2480
431	28.9974
432	28.2473
433	24.9986
434	24.1988
435	21.9966
436	20.0061
437	20.0082
438	21.7150
439	18.0007
440	21.9970
441	24.4978
442	25.9920
443	27.9970
444	29.9944
445	30.9482
446	31.2953
447	31.2161
448	31.7231
449	31.4132
450	32.8634
451	31.2984
452	34.2049
453	33.6241
454	30.8335
455	30.8391
456	25.9996
457	24.6244
458	23.9937
459	21.7185
460	20.0092
461	21.7181
462	24.4910
463	25.9984
464	31.6966
465	31.8453
466	31.7610
467	32.7427
468	33.4421
469	34.0992
470	35.2468
471	36.2839
472	36.2492
473	36.0018
474	35.0056
475	34.9733
476	35.9933
477	34.1988
478	31.6113
479	29.9929
480	29.8003
481	29.4461
482	24.1959
483	20.7078
484	18.4991
485	21.9902
486	26.9993
487	27.9917
488	31.4296
489	31.2877
490	31.1245
491	31.7416
492	32.5428
493	33.5664
494	34.5468
495	34.1987
496	34.1976
497	33.9939
498	33.0039
499	33.0029
500	33.2342
501	32.4071
502	30.4972
503	30.9979
504	29.8044
505	29.8096
506	29.2454
507	24.9900
508	24.2043
509	29.2405
510	29.7433
511	30.1913
512	32.9972
513	33.9825
514	32.3231
515	33.2135
516	32.9946
517	33.2974
518	38.0445
519	38.7435
520	38.6946
521	35.4995
522	32.8423
523	32.7411
524	36.0217
525	33.3420
526	32.0255
527	31.3919
528	30.2481
529	32.9935
530	29.8069
531	24.2086
532	23.1979
533	26.8378
534	29.8048
535	30.1911
536	33.3309
537	35.3003
538	33.4298
539	34.0914
540	34.8741
541	35.9917
542	37.0337
543	37.7375
544	37.6879
545	35.9988
546	33.9990
547	31.9994
548	35.9922
549	35.9944
550	33.7490
551	34.4877
552	31.2696
553	36.5184
554	32.2491
555	31.4929
556	29.4267
557	31.2819
558	36.2622
559	34.6723
560	35.9993
561	35.7918
562	39.3075
563	43.9937
564	43.9977
565	47.8051
566	56.0903
567	55.8275
568	54.7147
569	52.9938
570	45.0091
571	50.6074
572	52.9951
573	43.4985
574	38.9909
575	43.9905
576	37.9018
577	34.6246
578	32.4435
579	31.4965
580	30.4972
581	28.9963
582	24.5883
583	19.9969
584	27.6733
585	31.9427
586	32.5733
587	32.3975
588	34.2474
589	36.7455
590	38.2816
591	36.7438
592	39.8318
593	38.7287
594	40.1961
595	38.5187
596	40.9926
597	39.4802
598	36.2839
599	33.2472
600	32.0447
601	40.6420
602	34.9917
603	32.9911
604	31.9954
605	31.9967
606	33.4205
607	31.2416
608	30.9999
609	32.9638
610	34.9943
611	40.3512
612	43.9923
613	43.9996
614	48.4605
615	51.5205
616	57.8726
617	60.0129
618	57.6397
619	56.8423
620	61.4983
621	56.8453
622	46.8056
623	42.1813
624	34.0072
625	31.9983
626	30.9990
627	30.8787
628	30.4981
629	30.8788
630	31.9936
631	35.4036
632	36.2459
633	39.8038
634	45.7995
635	52.5168
636	64.5706
637	72.8847
638	80.0026
639	80.0073
640	80.0091
641	80.0059
642	78.9978
643	73.7614
644	73.9982
645	64.5516
646	44.0539
647	41.2712
648	35.9932
649	31.7463
650	29.4953
651	28.6108
652	20.0092
653	28.6123
654	33.9901
655	36.2068
656	40.4727
657	45.2453
658	53.6060
659	67.7422
660	71.1700
661	93.0565
662	106.3181
663	130.7311
664	136.9922
665	130.1842
666	159.7911
667	141.8206
668	199.2378
669	96.9034
670	54.9521
671	42.9403
672	34.9425
673	30.4708
674	23.7742
675	21.4994
676	20.0006
677	21.7477
678	32.2425
679	32.9969
680	35.2485
681	36.2051
682	39.9482
683	45.0011
684	45.5278
685	55.1717
686	54.3469
687	55.3478
688	57.3485
689	56.4965
690	49.9928
691	48.9794
692	52.3732
693	49.5345
694	36.7382
695	35.5066
696	32.2431
697	31.9922
698	27.9945
699	24.2462
700	23.9916
701	24.9983
702	32.2470
703	34.5296
704	35.2411
705	36.2467
706	42.9995
707	54.8893
708	59.8732
709	80.0006
710	70.7521
711	71.5000
712	70.9972
713	69.9444
714	63.4202
715	63.0057
716	67.5373
717	64.6387
718	40.9905
719	48.0011
720	31.7479;
          
        
        
             

